Core subshells:
  1s   2s   2p-  2p   3s   3p-  3p   3d-  3d   4s   4p-  4p   4d-  4d 

Valence subshells:
  5s 

Populations:

        2.0000000000        2.0000000000        2.0000000000        4.0000000000 
        2.0000000000        2.0000000000        4.0000000000        4.0000000000
        6.0000000000        2.0000000000        2.0000000000        4.0000000000 
        4.0000000000        6.0000000000        1.0000000000
  
  47.00000  46.13897  43.96373  41.15741  38.15454  35.19226  32.41594  29.90918
  27.70608  25.80466  24.17996  22.79461  21.60661  20.57461  19.66117  18.83453
  18.06924  17.34609  16.65149  15.97665  15.31665  14.66951  14.03538  13.41577
  12.81300  12.22971  11.66853  11.13186  10.62166  10.13942   9.68610   9.26215
   8.86755   8.50183   8.16416   7.85343   7.56828   7.30716   7.06841   6.85033
   6.65116   6.46916   6.30264   6.14997   6.00960   5.88007   5.76004   5.64827
   5.54361   5.44505   5.35167   5.26264   5.17727   5.09491   5.01504   4.93717
   4.86093   4.78599   4.71207   4.63896   4.56649   4.49452   4.42297   4.35176
   4.28085   4.21024   4.13990   4.06987   4.00017   3.93084   3.86191   3.79344
   3.72549   3.65811   3.59135   3.52527   3.45994   3.39539   3.33168   3.26887
   3.20700   3.14610   3.08623   3.02740   2.96967   2.91304   2.85755   2.80322
   2.75005   2.69808   2.64730   2.59771   2.54934   2.50216   2.45619   2.41142
   2.36783   2.32543   2.28420   2.24412   2.20518   2.16737   2.13066   2.09505
   2.06050   2.02699   1.99452   1.96305   1.93255   1.90302   1.87442   1.84672
   1.81992   1.79397   1.76886   1.74456   1.72105   1.69830   1.67629   1.65500
   1.63441
  
  46.00000  45.36384  43.60283  41.07427  38.17618  35.22802  32.43687  29.91309
  27.69862  25.79194  24.16643  22.78286  21.59779  20.56889  19.65819  18.83367
  18.06983  17.34751  16.65323  15.97833  15.31801  14.67041  14.03575  13.41561
  12.81236  12.22866  11.66717  11.13027  10.61993  10.13764   9.68433   9.26045
   8.86596   8.50038   8.16288   7.85232   7.56734   7.30639   7.06781   6.84988
   6.65084   6.46896   6.30255   6.14996   6.00966   5.88019   5.76020   5.64845
   5.54380   5.44524   5.35185   5.26282   5.17743   5.09504   5.01514   4.93724
   4.86097   4.78599   4.71204   4.63890   4.56639   4.49440   4.42281   4.35158
   4.28065   4.21000   4.13965   4.06960   3.99988   3.93053   3.86160   3.79312
   3.72516   3.65777   3.59101   3.52493   3.45959   3.39504   3.33134   3.26853
   3.20666   3.14577   3.08590   3.02709   2.96936   2.91274   2.85726   2.80294
   2.74979   2.69782   2.64705   2.59748   2.54911   2.50195   2.45599   2.41122
   2.36765   2.32526   2.28403   2.24396   2.20504   2.16723   2.13054   2.09493
   2.06039   2.02689   1.99443   1.96296   1.93248   1.90295   1.87435   1.84666
   1.81986   1.79392   1.76882   1.74452   1.72102   1.69827   1.67627   1.65498
   1.63439
  
   1.00000   0.77512   0.36089   0.08314  -0.02164  -0.03576  -0.02094  -0.00391
   0.00746   0.01272   0.01353   0.01174   0.00882   0.00572   0.00298   0.00086
  -0.00059  -0.00142  -0.00174  -0.00168  -0.00137  -0.00090  -0.00037   0.00015
   0.00064   0.00104   0.00136   0.00159   0.00172   0.00178   0.00177   0.00170
   0.00159   0.00145   0.00129   0.00111   0.00094   0.00076   0.00060   0.00045
   0.00031   0.00019   0.00009   0.00000  -0.00006  -0.00012  -0.00015  -0.00018
  -0.00019  -0.00020  -0.00019  -0.00018  -0.00016  -0.00013  -0.00010  -0.00007
  -0.00004  -0.00001   0.00003   0.00006   0.00009   0.00013   0.00015   0.00018
   0.00021   0.00023   0.00025   0.00027   0.00029   0.00030   0.00031   0.00032
   0.00033   0.00034   0.00034   0.00034   0.00034   0.00034   0.00034   0.00034
   0.00033   0.00033   0.00032   0.00031   0.00031   0.00030   0.00029   0.00028
   0.00027   0.00026   0.00025   0.00024   0.00023   0.00022   0.00021   0.00019
   0.00018   0.00017   0.00016   0.00015   0.00014   0.00014   0.00013   0.00012
   0.00011   0.00010   0.00009   0.00009   0.00008   0.00007   0.00006   0.00006
   0.00005   0.00005   0.00004   0.00004   0.00003   0.00003   0.00002   0.00002
   0.00002