Core subshells:
  1s   2s   2p-  2p 

Valence subshells:
  3s   3p-  3p 

Populations:

        2.0000000000        2.0000000000        2.0000000000        4.0000000000 
        2.0000000000        1.0000000000        0.0000000000

  13.00000  12.43899  11.22954  10.05919   9.15810   8.46478   7.87304   7.31570
   6.76631   6.22256   5.69243   5.18614   4.71237   4.27703   3.88314   3.53135
   3.22051   2.94823   2.71141   2.50655   2.33007   2.17845   2.04838   1.93683
   1.84105   1.75859   1.68734   1.62544   1.57129   1.52355   1.48107   1.44287
   1.40816   1.37626   1.34661   1.31877   1.29235   1.26707   1.24268   1.21899
   1.19585   1.17314   1.15078   1.12870   1.10684   1.08519   1.06372   1.04241
   1.02126   1.00028   0.97947   0.95883   0.93838   0.91813   0.89809   0.87827
   0.85869   0.83936   0.82029   0.80149   0.78296   0.76473   0.74680   0.72917
   0.71184   0.69484   0.67815   0.66179   0.64575   0.63003   0.61464   0.59958
   0.58484   0.57043   0.55634   0.54258   0.52913   0.51599   0.50316   0.49065
   0.47843   0.46651   0.45489   0.44355   0.43250   0.42173   0.41123   0.40100
   0.39103   0.38131   0.37185   0.36264   0.35366   0.34492   0.33641   0.32813
   0.32006   0.31221   0.30456   0.29712   0.28987   0.28282   0.27596   0.26928
   0.26278   0.25645   0.25029   0.24429   0.23845   0.23277   0.22724   0.22186
   0.21662   0.21152   0.20656   0.20173   0.19702   0.19245   0.18799   0.18365
   0.17942   0.00000   0.00000   0.00000   0.00000   0.00000   0.00000   0.00000
  
  10.00000   9.93269   9.73498   9.41894   9.00287   8.50919   7.96196   7.38475
   6.79890   6.22237   5.66925   5.14970   4.67030   4.23453   3.84339   3.49605
   3.19033   2.92323   2.69125   2.49073   2.31799   2.16951   2.04203   1.93255
   1.83839   1.75719   1.68686   1.62562   1.57192   1.52445   1.48209   1.44392
   1.40915   1.37713   1.34732   1.31929   1.29266   1.26716   1.24255   1.21864
   1.19528   1.17237   1.14981   1.12755   1.10553   1.08372   1.06211   1.04068
   1.01942   0.99834   0.97744   0.95673   0.93622   0.91592   0.89584   0.87599
   0.85638   0.83704   0.81795   0.79915   0.78063   0.76240   0.74448   0.72686
   0.70956   0.69258   0.67592   0.65958   0.64357   0.62788   0.61253   0.59750
   0.58280   0.56842   0.55437   0.54064   0.52723   0.51413   0.50134   0.48886
   0.47668   0.46480   0.45322   0.44192   0.43090   0.42017   0.40970   0.39950
   0.38957   0.37989   0.37046   0.36128   0.35234   0.34363   0.33515   0.32689
   0.31886   0.31103   0.30342   0.29600   0.28878   0.28176   0.27492   0.26826
   0.26179   0.25548   0.24934   0.24337   0.23756   0.23190   0.22639   0.22103
   0.21581   0.21073   0.20578   0.20097   0.19628   0.19172   0.18728   0.18296
   0.17875   0.00000   0.00000   0.00000   0.00000   0.00000   0.00000   0.00000
  
   1.00000   0.86546   0.56234   0.26925   0.07956  -0.00923  -0.03473  -0.03058
  -0.01702  -0.00357   0.00642   0.01250   0.01537   0.01595   0.01510   0.01346
   0.01147   0.00942   0.00747   0.00573   0.00423   0.00298   0.00196   0.00116
   0.00054   0.00008  -0.00025  -0.00046  -0.00059  -0.00064  -0.00065  -0.00061
  -0.00053  -0.00044  -0.00033  -0.00021  -0.00009   0.00003   0.00015   0.00027
   0.00038   0.00049   0.00059   0.00068   0.00076   0.00084   0.00090   0.00096
   0.00102   0.00106   0.00110   0.00113   0.00116   0.00118   0.00120   0.00121
   0.00122   0.00123   0.00123   0.00123   0.00122   0.00122   0.00121   0.00120
   0.00119   0.00117   0.00116   0.00114   0.00113   0.00111   0.00109   0.00107
   0.00105   0.00103   0.00101   0.00099   0.00097   0.00095   0.00093   0.00091
   0.00089   0.00087   0.00085   0.00083   0.00082   0.00080   0.00078   0.00076
   0.00074   0.00072   0.00071   0.00069   0.00067   0.00066   0.00064   0.00063
   0.00061   0.00060   0.00058   0.00057   0.00055   0.00054   0.00053   0.00051
   0.00050   0.00049   0.00048   0.00047   0.00045   0.00044   0.00043   0.00042
   0.00041   0.00040   0.00039   0.00038   0.00037   0.00036   0.00036   0.00035
   0.00034   0.00000   0.00000   0.00000   0.00000   0.00000   0.00000   0.00000
  
   1.00000   0.77537   0.36987   0.10177  -0.00389  -0.02595  -0.01947  -0.00789
   0.00146   0.00733   0.01035   0.01143   0.01134   0.01059   0.00954   0.00838
   0.00724   0.00617   0.00521   0.00436   0.00361   0.00297   0.00243   0.00197
   0.00157   0.00125   0.00097   0.00074   0.00055   0.00039   0.00026   0.00016
   0.00007   0.00000  -0.00005  -0.00010  -0.00013  -0.00016  -0.00018  -0.00019
  -0.00020  -0.00021  -0.00021  -0.00021  -0.00021  -0.00020  -0.00020  -0.00020
  -0.00019  -0.00018  -0.00018  -0.00017  -0.00016  -0.00016  -0.00015  -0.00014
  -0.00014  -0.00013  -0.00012  -0.00012  -0.00011  -0.00011  -0.00010  -0.00010
  -0.00009  -0.00009  -0.00008  -0.00008  -0.00007  -0.00007  -0.00007  -0.00006
  -0.00006  -0.00006  -0.00005  -0.00005  -0.00005  -0.00005  -0.00004  -0.00004
  -0.00004  -0.00004  -0.00004  -0.00003  -0.00003  -0.00003  -0.00003  -0.00003
  -0.00003  -0.00003  -0.00002  -0.00002  -0.00002  -0.00002  -0.00002  -0.00002
  -0.00002  -0.00002  -0.00002  -0.00002  -0.00001  -0.00001  -0.00001  -0.00001
  -0.00001  -0.00001  -0.00001  -0.00001  -0.00001  -0.00001  -0.00001  -0.00001
  -0.00001  -0.00001  -0.00001  -0.00001  -0.00001  -0.00001  -0.00001  -0.00001
  -0.00001   0.00000   0.00000   0.00000   0.00000   0.00000   0.00000   0.00000