Core subshells:
  1s   2s   2p-  2p 

Valence subshells:
  3s   3p-  3p 

Populations:

        2.0000000000        2.0000000000        2.000000000        4.0000000000
        2.0000000000        2.0000000000        4.000000000           
  
  18.00000  17.53575  16.29778  14.64714  12.94881  11.44026  10.21577   9.27171
   8.55758   8.01094   7.57530   7.20682   6.87488   6.56016   6.25189   5.94526
   5.63929   5.33525   5.03550   4.74276   4.45965   4.18844   3.93088   3.68826
   3.46133   3.25044   3.05557   2.87639   2.71236   2.56275   2.42673   2.30339
   2.19180   2.09099   2.00004   1.91804   1.84413   1.77749   1.71735   1.66303
   1.61386   1.56927   1.52871   1.49170   1.45780   1.42663   1.39783   1.37110
   1.34617   1.32278   1.30073   1.27983   1.25992   1.24086   1.22253   1.20481
   1.18762   1.17087   1.15451   1.13847   1.12271   1.10719   1.09187   1.07672
   1.06173   1.04688   1.03215   1.01753   1.00301   0.98859   0.97426   0.96002
   0.94588   0.93183   0.91787   0.90400   0.89023   0.87656   0.86300   0.84954
   0.83619   0.82296   0.80985   0.79685   0.78399   0.77125   0.75864   0.74617
   0.73384   0.72164   0.70959   0.69769   0.68593   0.67432   0.66287   0.65156
   0.64041   0.62941   0.61857   0.60788   0.59735   0.58698   0.57676   0.56669
   0.55679   0.54703   0.53744   0.52799   0.51870   0.50956   0.50057   0.49174
   0.48305   0.47451   0.46611   0.45786   0.44975   0.44179   0.43396   0.42627
   0.41872
  
  10.00000   9.97295   9.89244   9.76039   9.57988   9.35502   9.09070   8.79245
   8.46616   8.11790   7.75366   7.37925   7.00007   6.62107   6.24661   5.88047
   5.52577   5.18506   4.86028   4.55281   4.26357   3.99304   3.74133   3.50822
   3.29327   3.09581   2.91506   2.75009   2.59993   2.46357   2.33996   2.22809
   2.12697   2.03562   1.95314   1.87866   1.81137   1.75053   1.69544   1.64547
   1.60004   1.55862   1.52075   1.48599   1.45395   1.42431   1.39675   1.37101
   1.34684   1.32403   1.30240   1.28179   1.26205   1.24306   1.22472   1.20693
   1.18961   1.17270   1.15614   1.13987   1.12387   1.10809   1.09250   1.07709
   1.06183   1.04671   1.03171   1.01683   1.00206   0.98740   0.97285   0.95839
   0.94404   0.92979   0.91564   0.90160   0.88767   0.87385   0.86014   0.84656
   0.83309   0.81975   0.80654   0.79345   0.78051   0.76770   0.75503   0.74250
   0.73012   0.71788   0.70580   0.69386   0.68208   0.67046   0.65899   0.64768
   0.63652   0.62553   0.61469   0.60401   0.59349   0.58313   0.57293   0.56289
   0.55300   0.54327   0.53370   0.52429   0.51503   0.50592   0.49697   0.48817
   0.47951   0.47101   0.46265   0.45444   0.44637   0.43844   0.43066   0.42301
   0.41550
  
   1.00000   0.95803   0.84251   0.68004   0.50260   0.33729   0.20090   0.09973
   0.03234  -0.00692  -0.02516  -0.02918  -0.02461  -0.01567  -0.00529   0.00471
   0.01328   0.01998   0.02471   0.02761   0.02893   0.02897   0.02801   0.02635
   0.02420   0.02178   0.01923   0.01668   0.01421   0.01188   0.00974   0.00780
   0.00607   0.00457   0.00327   0.00217   0.00125   0.00050  -0.00010  -0.00056
  -0.00091  -0.00116  -0.00131  -0.00139  -0.00141  -0.00138  -0.00130  -0.00118
  -0.00104  -0.00088  -0.00070  -0.00051  -0.00031  -0.00011   0.00009   0.00030
   0.00049   0.00069   0.00087   0.00105   0.00122   0.00139   0.00154   0.00168
   0.00182   0.00194   0.00206   0.00217   0.00227   0.00236   0.00244   0.00251
   0.00258   0.00264   0.00269   0.00274   0.00277   0.00281   0.00284   0.00286
   0.00287   0.00289   0.00290   0.00290   0.00290   0.00290   0.00289   0.00288
   0.00287   0.00286   0.00284   0.00282   0.00280   0.00278   0.00275   0.00273
   0.00270   0.00267   0.00264   0.00262   0.00258   0.00255   0.00252   0.00249
   0.00246   0.00242   0.00239   0.00236   0.00232   0.00229   0.00226   0.00222
   0.00219   0.00216   0.00212   0.00209   0.00206   0.00202   0.00199   0.00196
   0.00193
  
   1.00000   0.94113   0.78672   0.58778   0.39395   0.23511   0.12055   0.04663
   0.00446  -0.01552  -0.02134  -0.01901  -0.01266  -0.00493   0.00264   0.00923
   0.01449   0.01837   0.02097   0.02245   0.02304   0.02291   0.02226   0.02122
   0.01994   0.01851   0.01701   0.01549   0.01400   0.01257   0.01122   0.00995
   0.00878   0.00771   0.00673   0.00584   0.00504   0.00433   0.00369   0.00311
   0.00261   0.00216   0.00177   0.00142   0.00111   0.00085   0.00061   0.00041
   0.00024   0.00008  -0.00005  -0.00016  -0.00025  -0.00033  -0.00040  -0.00045
  -0.00050  -0.00053  -0.00056  -0.00058  -0.00060  -0.00061  -0.00062  -0.00062
  -0.00062  -0.00062  -0.00061  -0.00061  -0.00060  -0.00059  -0.00058  -0.00057
  -0.00055  -0.00054  -0.00053  -0.00051  -0.00050  -0.00048  -0.00047  -0.00046
  -0.00044  -0.00043  -0.00041  -0.00040  -0.00039  -0.00037  -0.00036  -0.00035
  -0.00034  -0.00033  -0.00031  -0.00030  -0.00029  -0.00028  -0.00027  -0.00026
  -0.00025  -0.00024  -0.00023  -0.00023  -0.00022  -0.00021  -0.00020  -0.00020
  -0.00019  -0.00018  -0.00017  -0.00017  -0.00016  -0.00016  -0.00015  -0.00015
  -0.00014  -0.00014  -0.00013  -0.00013  -0.00012  -0.00012  -0.00011  -0.00011
  -0.00011