Core subshells:                                                                  
  1s   2s   2p-  2p   3s   3p-  3p   3d-  3d                                 
                                                                                 
Valence subshells:                                                               
  4s   4p-  4p                                                                        
                                                                                 
Populations:                                                             
                                                                          
        2.0000000000        2.0000000000        2.0000000000        4.0000000000 
        2.0000000000        2.0000000000        4.0000000000        4.0000000000 
        6.0000000000        2.0000000000        1.0722979805        1.9277020195 
                                                                                
  33.00000  32.28673  30.50093  28.32871  26.24110  24.38090  22.71661  21.18016
  19.72359  18.32705  16.99037  15.72294  14.53643  13.44069  12.44188  11.54218
  10.74014  10.03143   9.40966   8.86710   8.39537   7.98586   7.63021   7.32047
   7.04935   6.81026   6.59740   6.40572   6.23089   6.06928   5.91788   5.77423
   5.63637   5.50277   5.37226   5.24397   5.11729   4.99181   4.86732   4.74370
   4.62095   4.49915   4.37844   4.25898   4.14097   4.02461   3.91011   3.79765
   3.68744   3.57964   3.47442   3.37190   3.27220   3.17542   3.08164   2.99091
   2.90327   2.81873   2.73731   2.65899   2.58375   2.51155   2.44234   2.37606
   2.31266   2.25206   2.19418   2.13894   2.08625   2.03604   1.98820   1.94265
   1.89929   1.85803   1.81878   1.78146   1.74596   1.71220   1.68010   1.64957
   1.62053   1.59291   1.56662   1.54160   1.51776   1.49505   1.47340   1.45274
   1.43302   1.41418   1.39616   1.37892   1.36240   1.34656   1.33135   1.31674
   1.30268   1.28913   1.27607   1.26346   1.25126   1.23945   1.22800   1.21689
   1.20608   1.19557   1.18532   1.17532   1.16555   1.15599   1.14663   1.13746
   1.12845   1.11959   1.11088   1.10230   1.09385   1.08551   1.07727   1.06913
   1.06108
  
  28.00000  27.82726  27.32089  26.51343  25.45382  24.20091  22.81620  21.35828
  19.87961  18.42366  17.02405  15.70536  14.48370  13.36803  12.36148  11.46291
  10.66760   9.96884   9.35825   8.82690   8.36565   7.96523   7.61732   7.31371
   7.04726   6.81157   6.60096   6.41064   6.23634   6.07464   5.92271   5.77811
   5.63910   5.50426   5.37240   5.24275   5.11481   4.98805   4.86241   4.73771
   4.61407   4.49144   4.37013   4.25012   4.13165   4.01495   3.90021   3.78769
   3.67757   3.56966   3.46462   3.36224   3.26279   3.16626   3.07278   2.98244
   2.89509   2.81094   2.72984   2.65198   2.57702   2.50521   2.43644   2.37047
   2.30751   2.24725   2.18963   2.13480   2.08235   2.03249   1.98498   1.93963
   1.89652   1.85552   1.81648   1.77939   1.74410   1.71054   1.67858   1.64825
   1.61932   1.59184   1.56572   1.54077   1.51703   1.49442   1.47288   1.45235
   1.43263   1.41393   1.39594   1.37873   1.36231   1.34646   1.33125   1.31668
   1.30270   1.28911   1.27612   1.26347   1.25128   1.23950   1.22806   1.21687
   1.20610   1.19567   1.18541   1.17535   1.16561   1.15602   1.14660   1.13741
   1.12840   1.11957   1.11082   1.10217   1.09371   1.08542   1.07711   1.06897
   1.06091

   1.00000   0.91864   0.71168   0.46147   0.24150   0.08704  -0.00091  -0.03842
  -0.04470  -0.03530  -0.02050  -0.00607   0.00537   0.01310   0.01739   0.01890
   0.01843   0.01669   0.01424   0.01153   0.00884   0.00636   0.00421   0.00243
   0.00102  -0.00003  -0.00076  -0.00122  -0.00145  -0.00149  -0.00139  -0.00119
  -0.00090  -0.00058  -0.00022   0.00014   0.00049   0.00082   0.00113   0.00141
   0.00166   0.00187   0.00204   0.00218   0.00228   0.00236   0.00240   0.00242
   0.00241   0.00239   0.00234   0.00228   0.00221   0.00213   0.00203   0.00193
   0.00183   0.00172   0.00161   0.00150   0.00140   0.00129   0.00118   0.00108
   0.00098   0.00089   0.00080   0.00071   0.00063   0.00055   0.00048   0.00041
   0.00035   0.00029   0.00024   0.00019   0.00015   0.00011   0.00008   0.00004
   0.00002  -0.00001  -0.00003  -0.00005  -0.00006  -0.00008  -0.00009  -0.00009
  -0.00010  -0.00010  -0.00011  -0.00011  -0.00010  -0.00010  -0.00010  -0.00009
  -0.00009  -0.00008  -0.00007  -0.00006  -0.00006  -0.00005  -0.00004  -0.00003
  -0.00002   0.00000   0.00001   0.00002   0.00003   0.00004   0.00005   0.00006
   0.00007   0.00008   0.00010   0.00011   0.00012   0.00013   0.00014   0.00015
   0.00016

   1.00000   0.87404   0.58557   0.29747   0.10142   0.00197  -0.03256  -0.03376
  -0.02223  -0.00867   0.00244   0.00991   0.01401   0.01550   0.01521   0.01383
   0.01188   0.00974   0.00763   0.00570   0.00403   0.00263   0.00151   0.00064
   0.00001  -0.00042  -0.00069  -0.00082  -0.00084  -0.00079  -0.00067  -0.00050
  -0.00031  -0.00011   0.00010   0.00031   0.00052   0.00071   0.00089   0.00105
   0.00119   0.00131   0.00142   0.00150   0.00157   0.00163   0.00167   0.00169
   0.00171   0.00171   0.00170   0.00168   0.00166   0.00163   0.00159   0.00155
   0.00151   0.00146   0.00141   0.00135   0.00130   0.00124   0.00119   0.00113
   0.00108   0.00103   0.00097   0.00092   0.00087   0.00082   0.00077   0.00073
   0.00068   0.00064   0.00060   0.00056   0.00052   0.00048   0.00045   0.00042
   0.00039   0.00036   0.00033   0.00030   0.00028   0.00025   0.00023   0.00021
   0.00019   0.00017   0.00015   0.00014   0.00012   0.00011   0.00009   0.00008
   0.00007   0.00006   0.00005   0.00004   0.00003   0.00002   0.00001   0.00000
   0.00000  -0.00001  -0.00001  -0.00002  -0.00002  -0.00003  -0.00003  -0.00004
  -0.00004  -0.00004  -0.00005  -0.00005  -0.00005  -0.00005  -0.00005  -0.00006
  -0.00006