Core subshells:                                                                  
  1s   2s   2p-  2p   3s   3p-  3p   3d-  3d   4s   4p-  4p   4d-  4d   5s   5p-  
  5p   5d-  5d 
                                                                                 
Valence subshells:                                                               
  6s   6p-  6p                                                         
                                                                                 
Populations:                                                             
                                                                                 
        2.0000000000        2.0000000000        2.0000000000        4.0000000000 
        2.0000000000        2.0000000000        4.0000000000        4.0000000000 
        6.0000000000        2.0000000000        2.0000000000        4.0000000000 
        4.0000000000        6.0000000000        2.0000000000        2.0000000000 
        4.0000000000        4.0000000000        6.0000000000        2.0000000000
        2.0000000000        3.0000000000 

  85.00000  83.65384  80.22593  75.90788  71.55210  67.48074  63.72464  60.23534
  56.97274  53.91995  51.07391  48.43413  45.99602  43.74882  41.67647  39.75978
  37.97874  36.31441  34.75022  33.27262  31.87122  30.53858  29.26979  28.06194
  26.91354  25.82402  24.79328  23.82134  22.90807  22.05298  21.25517  20.51323
  19.82527  19.18893  18.60150  18.05990  17.56084  17.10089  16.67652  16.28424
  15.92058  15.58221  15.26598  14.96890  14.68825  14.42149  14.16639  13.92092
  13.68333  13.45209  13.22591  13.00371  12.78460  12.56789  12.35305  12.13968
  11.92753  11.71644  11.50637  11.29734  11.08946  10.88285  10.67773  10.47430
  10.27280  10.07350   9.87665   9.68250   9.49132   9.30334   9.11880   8.93790
   8.76084   8.58780   8.41893   8.25436   8.09420   7.93853   7.78742   7.64091
   7.49904   7.36180   7.22919   7.10116   6.97769   6.85871   6.74416   6.63393
   6.52795   6.42611   6.32830   6.23439   6.14428   6.05783   5.97490   5.89537
   5.81909   5.74594   5.67576   5.60844   5.54382   5.48178   5.42217   5.36488
   5.30977   5.25672   5.20560   5.15631   5.10872   5.06273   5.01822   4.97511
   4.93328   4.89266   4.85314   4.81465   4.77711   4.74044   4.70457   4.66943
   4.63496
  
  78.00000  77.48802  76.00478  73.69600  70.76755  67.44672  63.94608  60.44099
  57.05912  53.88050  50.94514  48.26215  45.81986  43.59489  41.55838  39.68104
  37.93607  36.30082  34.75709  33.29152  31.89510  30.56147  29.28791  28.07279
  26.91604  25.81790  24.77941  23.80093  22.88235  22.02371  21.22378  20.48110
  19.79348  19.15872  18.57348  18.03466  17.53866  17.08203  16.66099  16.27201
  15.91135  15.57564  15.26178  14.96679  14.68776  14.42241  14.16818  13.92338
  13.68624  13.45511  13.22876  13.00619  12.78670  12.56940  12.35384  12.13984
  11.92683  11.71493  11.50409  11.29414  11.08553  10.87825  10.67244  10.46849
  10.26642  10.06671   9.86943   9.67491   9.48353   9.29542   9.11063   8.92972
   8.75272   8.57967   8.41086   8.24645   8.08641   7.93098   7.78020   7.63391
   7.49240   7.35546   7.22318   7.09549   6.97232   6.85357   6.73939   6.62956
   6.52394   6.42242   6.32485   6.23127   6.14145   6.05524   5.97264   5.89333
   5.81723   5.74436   5.67432   5.60731   5.54285   5.48094   5.42150   5.36433
   5.30941   5.25637   5.20532   5.15615   5.10864   5.06264   5.01819   4.97509
   4.93333   4.89272   4.85319   4.81460   4.77715   4.74040   4.70455   4.66936
   4.63494

   1.00000   0.91907   0.71090   0.45513   0.22795   0.07049  -0.01293  -0.03964
  -0.03291  -0.01243   0.00890   0.02461   0.03277   0.03410   0.03051   0.02410
   0.01669   0.00959   0.00364  -0.00078  -0.00360  -0.00496  -0.00512  -0.00438
  -0.00304  -0.00138   0.00039   0.00208   0.00357   0.00480   0.00571   0.00631
   0.00662   0.00665   0.00645   0.00607   0.00555   0.00493   0.00425   0.00356
   0.00287   0.00221   0.00160   0.00105   0.00057   0.00017  -0.00016  -0.00041
  -0.00059  -0.00070  -0.00075  -0.00075  -0.00071  -0.00062  -0.00050  -0.00036
  -0.00020  -0.00003   0.00015   0.00033   0.00050   0.00068   0.00084   0.00099
   0.00113   0.00126   0.00137   0.00146   0.00154   0.00161   0.00166   0.00169
   0.00171   0.00172   0.00171   0.00169   0.00166   0.00163   0.00158   0.00153
   0.00147   0.00141   0.00134   0.00127   0.00120   0.00113   0.00105   0.00098
   0.00090   0.00083   0.00076   0.00068   0.00062   0.00055   0.00049   0.00043
   0.00037   0.00032   0.00027   0.00022   0.00018   0.00014   0.00011   0.00008
   0.00005   0.00002   0.00000  -0.00002  -0.00003  -0.00005  -0.00005  -0.00006
  -0.00007  -0.00007  -0.00007  -0.00007  -0.00006  -0.00006  -0.00005  -0.00004
  -0.00003

   1.00000   0.86554   0.55986   0.26033   0.06572  -0.02139  -0.03913  -0.02529
  -0.00412   0.01284   0.02218   0.02455   0.02212   0.01714   0.01141   0.00610
   0.00186  -0.00111  -0.00282  -0.00347  -0.00332  -0.00261  -0.00158  -0.00042
   0.00073   0.00176   0.00262   0.00327   0.00371   0.00395   0.00401   0.00391
   0.00370   0.00339   0.00302   0.00262   0.00220   0.00179   0.00140   0.00104
   0.00072   0.00043   0.00020   0.00001  -0.00014  -0.00024  -0.00031  -0.00034
  -0.00034  -0.00032  -0.00027  -0.00021  -0.00014  -0.00005   0.00004   0.00014
   0.00023   0.00032   0.00042   0.00050   0.00058   0.00065   0.00072   0.00078
   0.00083   0.00087   0.00090   0.00093   0.00095   0.00096   0.00096   0.00096
   0.00095   0.00094   0.00092   0.00090   0.00087   0.00085   0.00082   0.00078
   0.00075   0.00071   0.00067   0.00064   0.00060   0.00056   0.00052   0.00049
   0.00045   0.00042   0.00038   0.00035   0.00032   0.00029   0.00026   0.00023
   0.00021   0.00018   0.00016   0.00014   0.00012   0.00011   0.00009   0.00008
   0.00007   0.00006   0.00005   0.00004   0.00003   0.00003   0.00002   0.00002
   0.00002   0.00002   0.00002   0.00002   0.00002   0.00002   0.00002   0.00003
   0.00003