Core subshells:                                                                  
  1s   2s   2p-  2p   3s   3p-  3p   3d-  3d   4s   4p-  4p   4d-  4d   5s   5p- 
                                                                                 
Valence subshells:                                                               
  5d-  5d   6s                                                                   
                                                                                 
Populations:                                                             
                                                                        
        2.0000000000        2.0000000000        2.0000000000        4.0000000000 
        2.0000000000        2.0000000000        4.0000000000        4.0000000000 
        6.0000000000        2.0000000000        2.0000000000        4.0000000000 
        4.0000000000        6.0000000000        2.0000000000        2.0000000000 
        4.0000000000        6.0000000000        8.0000000000        4.0000000000 
        6.0000000000        1.0000000000                                         
                                                                                 
  79.00000  77.93500  75.13457  71.37954  67.29551  63.24083  59.39436  55.83370
  52.57933  49.61983  46.92728  44.46720  42.20470  40.10819  38.15125  36.31323
  34.57903  32.93838  31.38492  29.91509  28.52725  27.22078  25.99542  24.85081
  23.78609  22.79976  21.88956  21.05251  20.28494  19.58262  18.94089  18.35478
  17.81917  17.32892  16.87895  16.46437  16.08052  15.72306  15.38801  15.07174
  14.77103  14.48304  14.20531  13.93575  13.67262  13.41449  13.16021  12.90892
  12.65998  12.41295  12.16758  11.92374  11.68145  11.44082  11.20204  10.96537
  10.73109  10.49953  10.27102  10.04591   9.82453   9.60720   9.39424   9.18593
   8.98252   8.78424   8.59128   8.40382   8.22198   8.04586   7.87554   7.71105
   7.55240   7.39959   7.25256   7.11126   6.97560   6.84548   6.72078   6.60137
   6.48710   6.37781   6.27334   6.17351   6.07814   5.98705   5.90005   5.81695
   5.73757   5.66172   5.58920   5.51985   5.45347   5.38989   5.32894   5.27045
   5.21426   5.16021   5.10816   5.05796   5.00947   4.96256   4.91712   4.87301
   4.83013   4.78838   4.74765   4.70785   4.66890   4.63071   4.59321   4.55634
   4.52001   4.48419   4.44881   4.41382   4.37917   4.34484   4.31077   4.27694
   4.24331
  
  68.00000  67.65197  66.63614  65.03098  62.95097  60.52700  57.88879  55.15106
  52.40550  49.71902  47.13523  44.67863  42.35944  40.17880  38.13202  36.21191
  34.41067  32.72105  31.13678  29.65249  28.26417  26.96817  25.76129  24.64058
  23.60273  22.64433  21.76185  20.95102  20.20732  19.52618  18.90261  18.33156
  17.80800  17.32704  16.88371  16.47335  16.09179  15.73499  15.39897  15.08067
  14.77697  14.48543  14.20358  13.92974  13.66208  13.39953  13.14096  12.88541
  12.63267  12.38196  12.13334  11.88667  11.64194  11.39916  11.15872  10.92074
  10.68537  10.45321  10.22442   9.99917   9.77804   9.56116   9.34895   9.14162
   8.93924   8.74214   8.55059   8.36457   8.18430   8.00971   7.84108   7.67842
   7.52142   7.37031   7.22516   7.08558   6.95160   6.82323   6.70020   6.58233
   6.46974   6.36197   6.25899   6.16059   6.06658   5.97677   5.89096   5.80910
   5.73083   5.65611   5.58460   5.51611   5.45061   5.38789   5.32780   5.27002
   5.21452   5.16115   5.10962   5.05992   5.01191   4.96546   4.92044   4.87674
   4.83425   4.79272   4.75233   4.71271   4.67405   4.63600   4.59876   4.56197
   4.52573   4.48996   4.45475   4.41978   4.38514   4.35093   4.31684   4.28297
   4.24929
  
   1.00000   0.94641   0.80502   0.61999   0.43434   0.27528   0.15365   0.06936
   0.01680  -0.01145  -0.02261  -0.02280  -0.01676  -0.00789   0.00151   0.01004
   0.01697   0.02199   0.02512   0.02653   0.02652   0.02539   0.02345   0.02098
   0.01821   0.01535   0.01254   0.00990   0.00750   0.00538   0.00358   0.00209
   0.00091   0.00002  -0.00061  -0.00101  -0.00121  -0.00124  -0.00113  -0.00090
  -0.00059  -0.00022   0.00020   0.00064   0.00109   0.00153   0.00197   0.00238
   0.00276   0.00311   0.00343   0.00371   0.00395   0.00415   0.00432   0.00444
   0.00454   0.00459   0.00462   0.00462   0.00459   0.00454   0.00447   0.00438
   0.00427   0.00415   0.00401   0.00387   0.00371   0.00355   0.00339   0.00322
   0.00305   0.00287   0.00270   0.00253   0.00236   0.00219   0.00203   0.00187
   0.00172   0.00156   0.00142   0.00128   0.00115   0.00102   0.00089   0.00078
   0.00067   0.00056   0.00046   0.00037   0.00028   0.00020   0.00012   0.00005
  -0.00002  -0.00008  -0.00014  -0.00020  -0.00025  -0.00029  -0.00033  -0.00037
  -0.00040  -0.00044  -0.00046  -0.00049  -0.00051  -0.00053  -0.00055  -0.00056
  -0.00057  -0.00058  -0.00059  -0.00060  -0.00060  -0.00061  -0.00061  -0.00061
  -0.00061
  
   1.00000   0.81894   0.44823   0.14864   0.00118  -0.03895  -0.03101  -0.01097
   0.00581   0.01528   0.01816   0.01662   0.01280   0.00831   0.00416   0.00089
  -0.00133  -0.00256  -0.00295  -0.00273  -0.00210  -0.00126  -0.00034   0.00053
   0.00129   0.00189   0.00231   0.00257   0.00267   0.00264   0.00250   0.00228
   0.00201   0.00170   0.00139   0.00107   0.00078   0.00051   0.00028   0.00008
  -0.00008  -0.00021  -0.00029  -0.00035  -0.00038  -0.00038  -0.00035  -0.00031
  -0.00026  -0.00020  -0.00013  -0.00005   0.00003   0.00010   0.00018   0.00025
   0.00031   0.00037   0.00042   0.00047   0.00051   0.00054   0.00057   0.00058
   0.00059   0.00060   0.00060   0.00059   0.00058   0.00057   0.00055   0.00053
   0.00050   0.00048   0.00045   0.00042   0.00039   0.00036   0.00033   0.00030
   0.00028   0.00025   0.00022   0.00019   0.00017   0.00014   0.00012   0.00010
   0.00008   0.00006   0.00004   0.00003   0.00002   0.00000  -0.00001  -0.00002
  -0.00002  -0.00003  -0.00003  -0.00004  -0.00004  -0.00004  -0.00004  -0.00004
  -0.00004  -0.00004  -0.00004  -0.00003  -0.00003  -0.00003  -0.00002  -0.00002
  -0.00001   0.00000   0.00000   0.00001   0.00002   0.00002   0.00003   0.00004
   0.00004