Core subshells:
  1s 

Valence subshells:
  2s   2p   2p- 

Populations:

        2.0000000000        2.0000000000        1.0000000000

   5.00000   4.72444   4.05990   3.31601   2.69889   2.26268   1.97898   1.79895
   1.68077   1.59577   1.52653   1.46342   1.40166   1.33927   1.27581   1.21157
   1.14715   1.08323   1.02046   0.95936   0.90036   0.84378   0.78982   0.73862
   0.69024   0.64467   0.60188   0.56179   0.52431   0.48932   0.45671   0.42634
   0.39808   0.37180   0.34739   0.32470   0.30363   0.28405   0.26587   0.24899
   0.23330   0.21873   0.20518   0.19258   0.18086   0.16996   0.15980   0.15035
   0.14154   0.13333   0.12567   0.11852   0.11184   0.10560   0.09977   0.09432
   0.08922   0.08444   0.07996   0.07576   0.07182   0.06813   0.06466   0.06140
   0.05833   0.05545   0.05273   0.05018   0.04777   0.04550   0.04336   0.04133
   0.03943   0.03762   0.03592   0.03431   0.03278   0.03134   0.02997   0.02868
   0.02745   0.02629   0.02518   0.02413   0.02314   0.02219   0.02129   0.02044
   0.01962   0.01885   0.01811   0.01741   0.01674   0.01610   0.01549   0.01491
   0.01436   0.01383   0.01332   0.01284   0.01238   0.01194   0.01151   0.01111
   0.01072   0.01035   0.01000   0.00966   0.00933   0.00902   0.00872   0.00843
   0.00816   0.00789   0.00764   0.00739   0.00716   0.00693   0.00672   0.00651
   0.00631
  
   2.00000   1.99460   1.97857   1.95235   1.91661   1.87223   1.82021   1.76169
   1.69781   1.62977   1.55869   1.48567   1.41169   1.33762   1.26423   1.19218
   1.12199   1.05409   0.98880   0.92635   0.86690   0.81053   0.75726   0.70709
   0.65995   0.61577   0.57444   0.53584   0.49983   0.46629   0.43508   0.40605
   0.37907   0.35400   0.33072   0.30911   0.28904   0.27040   0.25310   0.23703
   0.22210   0.20823   0.19534   0.18336   0.17221   0.16184   0.15218   0.14319
   0.13481   0.12699   0.11970   0.11290   0.10655   0.10061   0.09506   0.08987
   0.08501   0.08046   0.07620   0.07221   0.06846   0.06494   0.06163   0.05853
   0.05561   0.05286   0.05028   0.04784   0.04555   0.04338   0.04134   0.03942
   0.03760   0.03588   0.03426   0.03272   0.03127   0.02990   0.02859   0.02736
   0.02619   0.02508   0.02403   0.02303   0.02208   0.02118   0.02032   0.01950
   0.01873   0.01799   0.01728   0.01661   0.01598   0.01537   0.01479   0.01423
   0.01370   0.01320   0.01272   0.01226   0.01182   0.01139   0.01099   0.01061
   0.01024   0.00988   0.00954   0.00922   0.00891   0.00861   0.00833   0.00805
   0.00779   0.00753   0.00729   0.00706   0.00683   0.00662   0.00641   0.00621
   0.00602
 
   1.00000   0.91753   0.71313   0.47578   0.27440   0.13405   0.04975   0.00593
  -0.01254  -0.01681  -0.01403  -0.00842  -0.00224   0.00341   0.00808   0.01167
   0.01425   0.01598   0.01702   0.01750   0.01757   0.01733   0.01688   0.01627
   0.01557   0.01482   0.01403   0.01325   0.01247   0.01171   0.01099   0.01029
   0.00964   0.00902   0.00843   0.00788   0.00737   0.00690   0.00645   0.00603
   0.00565   0.00529   0.00496   0.00464   0.00436   0.00409   0.00384   0.00360
   0.00339   0.00319   0.00300   0.00282   0.00266   0.00251   0.00237   0.00223
   0.00211   0.00199   0.00189   0.00178   0.00169   0.00160   0.00152   0.00144
   0.00137   0.00130   0.00123   0.00117   0.00111   0.00106   0.00101   0.00096
   0.00092   0.00087   0.00083   0.00079   0.00076   0.00072   0.00069   0.00066
   0.00063   0.00061   0.00058   0.00056   0.00053   0.00051   0.00049   0.00047
   0.00045   0.00043   0.00041   0.00040   0.00038   0.00037   0.00035   0.00034
   0.00033   0.00032   0.00030   0.00029   0.00028   0.00027   0.00026   0.00025
   0.00024   0.00024   0.00023   0.00022   0.00021   0.00020   0.00020   0.00019
   0.00018   0.00018   0.00017   0.00017   0.00016   0.00016   0.00015   0.00015
   0.00014
  
   1.00000   0.89477   0.65506   0.41211   0.23348   0.12235   0.05926   0.02540
   0.00804  -0.00038  -0.00410  -0.00541  -0.00555  -0.00516  -0.00457  -0.00395
  -0.00335  -0.00283  -0.00238  -0.00200  -0.00168  -0.00141  -0.00119  -0.00101
  -0.00086  -0.00073  -0.00063  -0.00054  -0.00046  -0.00040  -0.00035  -0.00030
  -0.00026  -0.00023  -0.00020  -0.00018  -0.00016  -0.00014  -0.00012  -0.00011
  -0.00010  -0.00009  -0.00008  -0.00007  -0.00006  -0.00006  -0.00005  -0.00004
  -0.00004  -0.00004  -0.00003  -0.00003  -0.00003  -0.00002  -0.00002  -0.00002
  -0.00002  -0.00002  -0.00002  -0.00001  -0.00001  -0.00001  -0.00001  -0.00001
  -0.00001  -0.00001  -0.00001  -0.00001  -0.00001  -0.00001  -0.00001  -0.00001
   0.00000   0.00000   0.00000   0.00000   0.00000   0.00000   0.00000   0.00000
   0.00000   0.00000   0.00000   0.00000   0.00000   0.00000   0.00000   0.00000
   0.00000   0.00000   0.00000   0.00000   0.00000   0.00000   0.00000   0.00000
   0.00000   0.00000   0.00000   0.00000   0.00000   0.00000   0.00000   0.00000
   0.00000   0.00000   0.00000   0.00000   0.00000   0.00000   0.00000   0.00000
   0.00000   0.00000   0.00000   0.00000   0.00000   0.00000   0.00000   0.00000
   0.00000