Core subshells:                                                                  
  1s   2s   2p-  2p   3s   3p-  3p   3d-  3d   4s   4p-  4p   4d-  4d   5s   5p- 
  5p
                                                                                 
Valence subshells:                                                               
  6s                                                                             
                                                                                 
Populations:                                                             

        2.0000000000        2.0000000000        2.0000000000        4.0000000000 
        2.0000000000        2.0000000000        4.0000000000        4.0000000000
        6.0000000000        2.0000000000        2.0000000000        4.0000000000
        4.0000000000        6.0000000000        2.0000000000        2.0000000000
        4.0000000000        2.0000000000 
                                                 
  56.00000  54.34393  51.12170  47.83841  44.58584  41.45536  38.59717  36.06300
  33.81772  31.79757  29.94835  28.23757  26.65175  25.18866  23.85003  22.63658
  21.54557  20.57018  19.70014  18.92274  18.22411  17.59033  17.00824  16.46610
  15.95389  15.46348  14.98860  14.52469  14.06870  13.61890  13.17455  12.73575
  12.30315  11.87783  11.46105  11.05420  10.65865  10.27569   9.90645   9.55191
   9.21282   8.88974   8.58303   8.29283   8.01911   7.76167   7.52018   7.29417
   7.08306   6.88620   6.70287   6.53232   6.37373   6.22632   6.08925   5.96172
   5.84294   5.73214   5.62859   5.53157   5.44043   5.35455   5.27332   5.19623
   5.12275   5.05245   4.98490   4.91973   4.85660   4.79521   4.73529   4.67660
   4.61895   4.56214   4.50603   4.45050   4.39542   4.34072   4.28631   4.23216
   4.17820   4.12442   4.07080   4.01732   3.96398   3.91080   3.85777   3.80492
   3.75227   3.69985   3.64767   3.59576   3.54416   3.49290   3.44200   3.39150
   3.34142   3.29180   3.24266   3.19404   3.14595   3.09843   3.05149   3.00516
   2.95947   2.91442   2.87004   2.82633   2.78333   2.74103   2.69945   2.65859
   2.61847   2.57909   2.54046   2.50258   2.46544   2.42905   2.39342   2.35853
   2.32440
  
  54.00000  53.18883  50.98261  47.92574  44.59958  41.41336  38.55233  36.03732
  33.81070  31.80139  29.95553  28.24333  26.65404  25.18738  23.84588  22.63080
  21.53915  20.56405  19.69493  18.91867  18.22128  17.58865  17.00748  16.46611
  15.95443  15.46436  14.98950  14.52563  14.06946  13.61948  13.17479  12.73572
  12.30281  11.87723  11.46033  11.05320  10.65752  10.27454   9.90521   9.55058
   9.21153   8.88847   8.58180   8.29171   8.01808   7.76069   7.51931   7.29344
   7.08240   6.88561   6.70245   6.53198   6.37346   6.22611   6.08915   5.96162
   5.84290   5.73216   5.62868   5.53168   5.44050   5.35460   5.27345   5.19636
   5.12287   5.05255   4.98504   4.91979   4.85674   4.79532   4.73530   4.67666
   4.61893   4.56213   4.50600   4.45043   4.39538   4.34060   4.28613   4.23197
   4.17800   4.12423   4.07057   4.01708   3.96373   3.91053   3.85750   3.80466
   3.75204   3.69957   3.64734   3.59545   3.54385   3.49262   3.44170   3.39115
   3.34115   3.29146   3.24237   3.19378   3.14565   3.09817   3.05127   3.00485
   2.95922   2.91415   2.86977   2.82607   2.78304   2.74081   2.69920   2.65842
   2.61824   2.57892   2.54028   2.50241   2.46522   2.42889   2.39318   2.35840
   2.32428
  
   1.00000   0.57753   0.06954  -0.04365  -0.00687   0.02101   0.02242   0.01287
   0.00351  -0.00192  -0.00359  -0.00288  -0.00116   0.00065   0.00206   0.00290
   0.00319   0.00304   0.00261   0.00204   0.00143   0.00085   0.00037   0.00000
  -0.00026  -0.00041  -0.00047  -0.00045  -0.00038  -0.00027  -0.00013   0.00000
   0.00014   0.00027   0.00038   0.00047   0.00054   0.00060   0.00063   0.00065
   0.00064   0.00063   0.00060   0.00057   0.00053   0.00048   0.00043   0.00038
   0.00033   0.00028   0.00023   0.00018   0.00014   0.00010   0.00007   0.00004
   0.00001  -0.00001  -0.00003  -0.00004  -0.00005  -0.00006  -0.00006  -0.00006
  -0.00006  -0.00006  -0.00005  -0.00005  -0.00004  -0.00003  -0.00002  -0.00001
   0.00000   0.00001   0.00002   0.00003   0.00004   0.00005   0.00006   0.00007
   0.00008   0.00009   0.00010   0.00011   0.00011   0.00012   0.00013   0.00013
   0.00013   0.00014   0.00014   0.00014   0.00015   0.00015   0.00015   0.00015
   0.00015   0.00015   0.00015   0.00015   0.00014   0.00014   0.00014   0.00014
   0.00014   0.00013   0.00013   0.00013   0.00012   0.00012   0.00012   0.00011
   0.00011   0.00011   0.00010   0.00010   0.00010   0.00009   0.00009   0.00008
   0.00008