Core subshells:
  1s 

Valence subshells:
  2s 

Populations:

        2.0000000000   2.0000000000

   4.00000   3.70672   3.06526   2.46260   2.05983   1.82766   1.69233   1.59957
   1.52047   1.44268   1.36234   1.27944   1.19534   1.11169   1.02993   0.95123
   0.87636   0.80585   0.73994   0.67873   0.62216   0.57009   0.52230   0.47855
   0.43857   0.40209   0.36883   0.33853   0.31093   0.28580   0.26292   0.24207
   0.22308   0.20576   0.18997   0.17556   0.16239   0.15036   0.13935   0.12928
   0.12004   0.11158   0.10381   0.09667   0.09010   0.08406   0.07849   0.07336
   0.06862   0.06424   0.06020   0.05645   0.05298   0.04977   0.04679   0.04402
   0.04144   0.03905   0.03682   0.03474   0.03280   0.03099   0.02931   0.02773
   0.02625   0.02487   0.02358   0.02236   0.02123   0.02016   0.01916   0.01821
   0.01733   0.01649   0.01571   0.01497   0.01427   0.01361   0.01299   0.01240
   0.01184   0.01132   0.01082   0.01035   0.00991   0.00949   0.00909   0.00871
   0.00835   0.00800   0.00768   0.00737   0.00708   0.00680   0.00653   0.00628
   0.00604   0.00581   0.00559   0.00538   0.00518   0.00499   0.00481   0.00463
   0.00447   0.00431   0.00416   0.00401   0.00387   0.00374   0.00361   0.00349
   0.00337   0.00326   0.00315   0.00305   0.00295   0.00286   0.00276   0.00268
   0.00259
  
   2.00000   1.99129   1.96556   1.92389   1.86795   1.79981   1.72179   1.63632
   1.54579   1.45241   1.35816   1.26472   1.17345   1.08542   1.00141   0.92195
   0.84736   0.77779   0.71322   0.65358   0.59867   0.54827   0.50212   0.45994
   0.42144   0.38634   0.35436   0.32524   0.29873   0.27459   0.25261   0.23260
   0.21436   0.19773   0.18257   0.16873   0.15609   0.14453   0.13396   0.12429
   0.11542   0.10729   0.09982   0.09296   0.08665   0.08085   0.07550   0.07056
   0.06601   0.06180   0.05791   0.05432   0.05098   0.04789   0.04502   0.04236
   0.03988   0.03758   0.03543   0.03344   0.03157   0.02983   0.02821   0.02669
   0.02527   0.02394   0.02270   0.02153   0.02044   0.01941   0.01844   0.01754
   0.01668   0.01588   0.01512   0.01441   0.01374   0.01311   0.01251   0.01194
   0.01141   0.01090   0.01042   0.00997   0.00954   0.00914   0.00875   0.00839
   0.00804   0.00771   0.00740   0.00710   0.00682   0.00655   0.00629   0.00605
   0.00582   0.00559   0.00538   0.00518   0.00499   0.00481   0.00463   0.00446
   0.00430   0.00415   0.00401   0.00387   0.00373   0.00360   0.00348   0.00336
   0.00325   0.00314   0.00304   0.00294   0.00284   0.00275   0.00266   0.00258
   0.00250
  
   1.00000   0.85771   0.54985   0.26935   0.09594   0.01392  -0.01473  -0.01838
  -0.01266  -0.00487   0.00209   0.00736   0.01095   0.01313   0.01426   0.01464
   0.01450   0.01403   0.01336   0.01258   0.01175   0.01091   0.01009   0.00930
   0.00856   0.00787   0.00723   0.00664   0.00610   0.00561   0.00515   0.00474
   0.00436   0.00401   0.00370   0.00341   0.00315   0.00291   0.00269   0.00249
   0.00231   0.00215   0.00199   0.00185   0.00172   0.00161   0.00150   0.00140
   0.00130   0.00122   0.00114   0.00107   0.00100   0.00094   0.00088   0.00083
   0.00078   0.00073   0.00069   0.00065   0.00061   0.00058   0.00055   0.00052
   0.00049   0.00046   0.00044   0.00042   0.00039   0.00037   0.00036   0.00034
   0.00032   0.00031   0.00029   0.00028   0.00026   0.00025   0.00024   0.00023
   0.00022   0.00021   0.00020   0.00019   0.00018   0.00017   0.00017   0.00016
   0.00015   0.00015   0.00014   0.00014   0.00013   0.00012   0.00012   0.00012
   0.00011   0.00011   0.00010   0.00010   0.00009   0.00009   0.00009   0.00008
   0.00008   0.00008   0.00008   0.00007   0.00007   0.00007   0.00007   0.00006
   0.00006   0.00006   0.00006   0.00006   0.00005   0.00005   0.00005   0.00005
   0.00005