Core subshells:                                                                  
  1s   2s   2p-  2p   3s   3p-  3p   3d-  3d   4s   4p-  4p   4d-  4d   5s   5p- 
5p   5d-  5d
                                                                                 
Valence subshells: 
                                                              
  6s   6p-  6p                                                         
                                                                                 
Populations:                                                              
                                                                                 
        2.0000000000        2.0000000000        2.0000000000        4.0000000000 
        2.0000000000        2.0000000000        4.0000000000        4.0000000000 
        6.0000000000        2.0000000000        2.0000000000        4.0000000000 
        4.0000000000        6.0000000000        2.0000000000        2.0000000000 
        4.0000000000        4.0000000000        6.0000000000        2.0000000000
        1.7547853619        1.2452146381 

  83.00000  81.81283  78.73456  74.73951  70.57166  66.55653  62.77487  59.23128
  55.92310  52.85146  50.01577  47.40895  45.01640  42.81779  40.78990  38.90923
  37.15419  35.50629  33.95071  32.47637  31.07548  29.74308  28.47630  27.27376
  26.13500  25.05996  24.04863  23.10075  22.21564  21.39211  20.62841  19.92226
  19.27090  18.67115  18.11953  17.61234  17.14574  16.71586  16.31887  15.95102
  15.60875  15.28870  14.98773  14.70298  14.43184  14.17200  13.92143  13.67836
  13.44127  13.20890  12.98021  12.75438  12.53077  12.30889  12.08843  11.86920
  11.65110  11.43414  11.21841  11.00406  10.79127  10.58028  10.37134  10.16472
   9.96070   9.75956   9.56156   9.36696   9.17602   8.98895   8.80597   8.62726
   8.45298   8.28327   8.11824   7.95797   7.80255   7.65201   7.50637   7.36563
   7.22977   7.09876   6.97255   6.85106   6.73422   6.62192   6.51407   6.41055
   6.31124   6.21600   6.12470   6.03721   5.95337   5.87304   5.79607   5.72232
   5.65163   5.58386   5.51887   5.45650   5.39662   5.33908   5.28376   5.23051
   5.17922   5.12975   5.08200   5.03584   4.99116   4.94786   4.90584   4.86500
   4.82525   4.78651   4.74869   4.71171   4.67551   4.64002   4.60516   4.57089
   4.53715
  
  78.00000  77.43311  75.80003  73.28525  70.14154  66.63522  63.00199  59.42275
  56.01832  52.85487  49.95718  47.32080  44.92441  42.73816  40.73077  38.87230
  37.13699  35.50465  33.95972  32.49144  31.09258  29.75925  28.48946  27.28281
  26.13940  25.05987  24.04424  23.09297  22.20527  21.37977  20.61503  19.90852
  19.25740  18.65835  18.10775  17.60185  17.13669  16.70828  16.31290  15.94645
  15.60554  15.28677  14.98684  14.70289  14.43252  14.17321  13.92294  13.68013
  13.44316  13.21081  12.98202  12.75596  12.53211  12.30999  12.08913  11.86969
  11.65124  11.43387  11.21783  11.00308  10.78999  10.57864  10.36941  10.16258
   9.95837   9.75694   9.55887   9.36403   9.17298   8.98594   8.80289   8.62417
   8.44994   8.28025   8.11526   7.95499   7.79964   7.64922   7.50367   7.36297
   7.22733   7.09646   6.97024   6.84899   6.73227   6.62007   6.51244   6.40892
   6.30970   6.21477   6.12352   6.03611   5.95244   5.87207   5.79536   5.72163
   5.65111   5.58330   5.51838   5.45621   5.39640   5.33895   5.28357   5.23038
   5.17913   5.12971   5.08195   5.03592   4.99122   4.94799   4.90592   4.86499
   4.82537   4.78664   4.74877   4.71188   4.67561   4.64003   4.60531   4.57093
   4.53715
 
   1.00000   0.90693   0.67230   0.39528   0.16358   0.01630  -0.05109  -0.06373
  -0.04832  -0.02434  -0.00277   0.01195   0.01934   0.02081   0.01838   0.01388
   0.00878   0.00402   0.00013  -0.00267  -0.00438  -0.00514  -0.00514  -0.00459
  -0.00369  -0.00262  -0.00150  -0.00044   0.00050   0.00128   0.00187   0.00228
   0.00253   0.00262   0.00259   0.00245   0.00224   0.00198   0.00168   0.00137
   0.00106   0.00076   0.00049   0.00024   0.00002  -0.00016  -0.00031  -0.00042
  -0.00051  -0.00056  -0.00059  -0.00059  -0.00058  -0.00054  -0.00050  -0.00044
  -0.00037  -0.00030  -0.00023  -0.00016  -0.00008  -0.00001   0.00006   0.00012
   0.00018   0.00024   0.00029   0.00033   0.00037   0.00040   0.00042   0.00044
   0.00046   0.00046   0.00047   0.00047   0.00047   0.00046   0.00045   0.00044
   0.00042   0.00040   0.00038   0.00036   0.00034   0.00032   0.00030   0.00028
   0.00025   0.00023   0.00021   0.00019   0.00017   0.00015   0.00013   0.00011
   0.00009   0.00007   0.00006   0.00004   0.00003   0.00002   0.00001   0.00000
  -0.00001  -0.00002  -0.00003  -0.00003  -0.00004  -0.00004  -0.00004  -0.00005
  -0.00005  -0.00005  -0.00005  -0.00005  -0.00005  -0.00005  -0.00005  -0.00004
  -0.00004

   1.00000   0.85531   0.52997   0.22125   0.03433  -0.03709  -0.04164  -0.02136
   0.00047   0.01508   0.02139   0.02143   0.01778   0.01263   0.00745   0.00308
  -0.00013  -0.00215  -0.00311  -0.00324  -0.00278  -0.00196  -0.00097   0.00004
   0.00099   0.00179   0.00242   0.00287   0.00314   0.00324   0.00320   0.00306
   0.00282   0.00253   0.00220   0.00186   0.00151   0.00118   0.00088   0.00060
   0.00036   0.00016   0.00000  -0.00013  -0.00022  -0.00028  -0.00031  -0.00032
  -0.00030  -0.00026  -0.00021  -0.00015  -0.00008  -0.00001   0.00007   0.00015
   0.00022   0.00030   0.00037   0.00043   0.00049   0.00055   0.00059   0.00063
   0.00067   0.00070   0.00072   0.00073   0.00074   0.00074   0.00074   0.00074
   0.00073   0.00071   0.00070   0.00068   0.00065   0.00063   0.00060   0.00057
   0.00054   0.00052   0.00049   0.00046   0.00043   0.00040   0.00037   0.00034
   0.00031   0.00028   0.00026   0.00023   0.00021   0.00019   0.00017   0.00015
   0.00013   0.00011   0.00010   0.00009   0.00007   0.00006   0.00005   0.00004
   0.00003   0.00003   0.00002   0.00002   0.00001   0.00001   0.00001   0.00001
   0.00001   0.00001   0.00001   0.00001   0.00001   0.00001   0.00002   0.00002
   0.00002