Core subshells:                                                                  
  1s   2s   2p-  2p   3s   3p-  3p   3d-  3d                                
                                                                                 
Valence subshells:                                                               
  4s   4p-  4p                                                                        
                                                                                 
Valence populations:                                                             
                                                                           
        2.0000000000        2.0000000000        2.0000000000        4.0000000000 
        2.0000000000        2.0000000000        4.0000000000        4.0000000000 
        6.0000000000        2.0000000000        2.0000000000        3.0000000000 
                                                                            
  35.00000  34.28971  32.44819  30.09347  27.74738  25.65714  23.85741  22.28839
  20.87474  19.55884  18.30746  17.10728  15.95778  14.86492  13.83666  12.88019
  12.00053  11.20005  10.47856   9.83365   9.26119   8.75584   8.31151   7.92175
   7.58006   7.28014   7.01604   6.78226   6.57383   6.38635   6.21594   6.05929
   5.91355   5.77637   5.64578   5.52021   5.39838   5.27931   5.16227   5.04671
   4.93226   4.81867   4.70583   4.59370   4.48231   4.37173   4.26209   4.15354
   4.04622   3.94030   3.83595   3.73334   3.63260   3.53390   3.43734   3.34306
   3.25115   3.16169   3.07476   2.99040   2.90866   2.82955   2.75311   2.67931
   2.60816   2.53964   2.47370   2.41033   2.34946   2.29106   2.23506   2.18141
   2.13004   2.08088   2.03386   1.98892   1.94597   1.90495   1.86578   1.82839
   1.79270   1.75865   1.72616   1.69515   1.66557   1.63735   1.61041   1.58469
   1.56014   1.53670   1.51429   1.49288   1.47241   1.45282   1.43406   1.41610
   1.39888   1.38235   1.36649   1.35125   1.33658   1.32247   1.30887   1.29575
   1.28308   1.27083   1.25898   1.24750   1.23636   1.22555   1.21504   1.20481
   1.19484   1.18512   1.17562   1.16633   1.15725   1.14834   1.13961   1.13104
   1.12261
  
  28.00000  27.86374  27.46189  26.81359  25.94881  24.90524  23.72457  22.44945
  21.12095  19.77618  18.44686  17.15920  15.93320  14.78323  13.71842  12.74359
  11.86011  11.06605  10.35772   9.72957   9.17537   8.68808   8.26043   7.88548
   7.55649   7.26690   7.01087   6.78312   6.57893   6.39410   6.22505   6.06867
   5.92247   5.78408   5.65180   5.52423   5.40025   5.27899   5.15964   5.04186
   4.92534   4.80981   4.69518   4.58148   4.46868   4.35686   4.24621   4.13685
   4.02885   3.92250   3.81779   3.71497   3.61419   3.51557   3.41914   3.32509
   3.23359   3.14450   3.05798   2.97416   2.89294   2.81444   2.73854   2.66543
   2.59487   2.52693   2.46166   2.39890   2.33870   2.28089   2.22550   2.17237
   2.12161   2.07294   2.02650   1.98199   1.93955   1.89898   1.86021   1.82326
   1.78796   1.75431   1.72216   1.69152   1.66223   1.63430   1.60759   1.58221
   1.55790   1.53461   1.51248   1.49124   1.47094   1.45154   1.43287   1.41509
   1.39796   1.38154   1.36587   1.35063   1.33606   1.32205   1.30855   1.29553
   1.28286   1.27071   1.25886   1.24737   1.23634   1.22552   1.21500   1.20487
   1.19490   1.18517   1.17566   1.16637   1.15728   1.14847   1.13973   1.13114
   1.12271

   1.00000   0.93995   0.78000   0.56898   0.35922   0.18682   0.06614  -0.00512
  -0.03783  -0.04484  -0.03736  -0.02362  -0.00890   0.00389   0.01349   0.01969
   0.02285   0.02355   0.02248   0.02023   0.01732   0.01416   0.01102   0.00810
   0.00552   0.00334   0.00157   0.00021  -0.00079  -0.00145  -0.00183  -0.00198
  -0.00194  -0.00175  -0.00145  -0.00108  -0.00066  -0.00021   0.00024   0.00068
   0.00110   0.00149   0.00184   0.00216   0.00243   0.00267   0.00286   0.00301
   0.00312   0.00319   0.00324   0.00325   0.00324   0.00320   0.00314   0.00306
   0.00297   0.00286   0.00275   0.00263   0.00250   0.00236   0.00223   0.00209
   0.00195   0.00181   0.00168   0.00155   0.00142   0.00130   0.00118   0.00107
   0.00096   0.00085   0.00076   0.00067   0.00058   0.00050   0.00043   0.00036
   0.00029   0.00024   0.00018   0.00014   0.00009   0.00005   0.00002  -0.00001
  -0.00004  -0.00006  -0.00008  -0.00010  -0.00011  -0.00012  -0.00013  -0.00013
  -0.00014  -0.00014  -0.00014  -0.00014  -0.00013  -0.00013  -0.00012  -0.00011
  -0.00010  -0.00009  -0.00008  -0.00007  -0.00006  -0.00005  -0.00004  -0.00002
  -0.00001   0.00001   0.00002   0.00003   0.00005   0.00006   0.00008   0.00009
   0.00011

   1.00000   0.90921   0.68527   0.42839   0.21602   0.07565   0.00011  -0.03017
  -0.03411  -0.02553  -0.01294  -0.00094   0.00848   0.01479   0.01826   0.01944
   0.01895   0.01738   0.01518   0.01271   0.01023   0.00789   0.00580   0.00400
   0.00251   0.00132   0.00041  -0.00025  -0.00070  -0.00097  -0.00109  -0.00109
  -0.00100  -0.00084  -0.00063  -0.00038  -0.00012   0.00015   0.00043   0.00069
   0.00094   0.00117   0.00139   0.00158   0.00175   0.00190   0.00203   0.00214
   0.00222   0.00229   0.00234   0.00237   0.00239   0.00239   0.00238   0.00236
   0.00233   0.00229   0.00225   0.00220   0.00214   0.00208   0.00201   0.00195
   0.00188   0.00181   0.00174   0.00166   0.00159   0.00152   0.00145   0.00138
   0.00131   0.00124   0.00118   0.00112   0.00105   0.00099   0.00094   0.00088
   0.00083   0.00078   0.00073   0.00068   0.00063   0.00059   0.00055   0.00051
   0.00047   0.00044   0.00040   0.00037   0.00034   0.00031   0.00028   0.00026
   0.00023   0.00021   0.00019   0.00017   0.00015   0.00013   0.00011   0.00010
   0.00008   0.00007   0.00006   0.00004   0.00003   0.00002   0.00001   0.00000
  -0.00001  -0.00001  -0.00002  -0.00003  -0.00003  -0.00004  -0.00005  -0.00005
  -0.00005