Core subshells:
  1s  

Valence subshells:
  2s  2p-  2p 

Populations:

        2.0000000000        2.0000000000        1.3360754087        0.6639245913

   6.00000   5.75587   5.12689   4.33726   3.58328   2.96531   2.50339   2.17634
   1.95074   1.79516   1.68496   1.60260   1.53634   1.47873   1.42526   1.37339
   1.32184   1.27008   1.21803   1.16585   1.11383   1.06228   1.01151   0.96181
   0.91341   0.86651   0.82125   0.77774   0.73605   0.69621   0.65825   0.62214
   0.58787   0.55540   0.52466   0.49560   0.46817   0.44228   0.41788   0.39488
   0.37321   0.35282   0.33362   0.31555   0.29856   0.28256   0.26751   0.25335
   0.24003   0.22749   0.21569   0.20458   0.19412   0.18426   0.17498   0.16623
   0.15799   0.15021   0.14288   0.13596   0.12943   0.12326   0.11744   0.11193
   0.10673   0.10181   0.09715   0.09275   0.08858   0.08463   0.08089   0.07734
   0.07398   0.07079   0.06777   0.06489   0.06217   0.05957   0.05711   0.05477
   0.05254   0.05042   0.04840   0.04648   0.04465   0.04291   0.04125   0.03966
   0.03815   0.03671   0.03533   0.03402   0.03276   0.03156   0.03041   0.02932
   0.02827   0.02727   0.02630   0.02538   0.02450   0.02366   0.02285   0.02208
   0.02133   0.02062   0.01993   0.01928   0.01865   0.01804   0.01746   0.01690
   0.01637   0.01585   0.01535   0.01487   0.01442   0.01397   0.01355   0.01314
   0.01274
  
   2.00000   1.99634   1.98543   1.96748   1.94281   1.91185   1.87510   1.83313
   1.78655   1.73602   1.68218   1.62570   1.56720   1.50730   1.44654   1.38545
   1.32449   1.26407   1.20454   1.14622   1.08936   1.03415   0.98077   0.92932
   0.87991   0.83257   0.78734   0.74422   0.70319   0.66423   0.62728   0.59230
   0.55921   0.52794   0.49843   0.47060   0.44436   0.41965   0.39638   0.37447
   0.35386   0.33447   0.31623   0.29908   0.28295   0.26777   0.25350   0.24008
   0.22745   0.21557   0.20439   0.19386   0.18395   0.17462   0.16583   0.15755
   0.14974   0.14237   0.13543   0.12888   0.12269   0.11685   0.11133   0.10612
   0.10119   0.09653   0.09213   0.08795   0.08400   0.08026   0.07672   0.07336
   0.07017   0.06715   0.06428   0.06156   0.05898   0.05652   0.05418   0.05196
   0.04985   0.04784   0.04593   0.04411   0.04238   0.04072   0.03915   0.03765
   0.03621   0.03484   0.03354   0.03229   0.03110   0.02996   0.02887   0.02783
   0.02684   0.02589   0.02498   0.02410   0.02327   0.02247   0.02170   0.02096
   0.02026   0.01958   0.01893   0.01831   0.01771   0.01714   0.01658   0.01605
   0.01554   0.01505   0.01458   0.01413   0.01369   0.01327   0.01287   0.01248
   0.01211
  
   1.00000   0.94566   0.80209   0.61459   0.42851   0.27237   0.15605   0.07727
   0.02847   0.00123  -0.01161  -0.01552  -0.01428  -0.01041  -0.00550  -0.00045
   0.00420   0.00822   0.01152   0.01411   0.01606   0.01744   0.01834   0.01885
   0.01903   0.01896   0.01870   0.01828   0.01776   0.01716   0.01651   0.01583
   0.01513   0.01443   0.01374   0.01306   0.01240   0.01176   0.01114   0.01055
   0.00999   0.00946   0.00895   0.00847   0.00801   0.00758   0.00717   0.00679
   0.00643   0.00608   0.00576   0.00546   0.00517   0.00491   0.00465   0.00442
   0.00419   0.00398   0.00378   0.00359   0.00341   0.00325   0.00309   0.00294
   0.00280   0.00267   0.00254   0.00242   0.00231   0.00221   0.00211   0.00201
   0.00192   0.00184   0.00176   0.00168   0.00161   0.00154   0.00147   0.00141
   0.00135   0.00130   0.00124   0.00119   0.00115   0.00110   0.00106   0.00102
   0.00098   0.00094   0.00090   0.00087   0.00084   0.00080   0.00077   0.00075
   0.00072   0.00069   0.00067   0.00064   0.00062   0.00060   0.00058   0.00056
   0.00054   0.00052   0.00050   0.00049   0.00047   0.00046   0.00044   0.00043
   0.00041   0.00040   0.00039   0.00037   0.00036   0.00035   0.00034   0.00033
   0.00032
  
   1.00000   0.93410   0.76864   0.57030   0.39172   0.25436   0.15809   0.09433
   0.05363   0.02834   0.01300   0.00397  -0.00115  -0.00387  -0.00515  -0.00557
  -0.00552  -0.00521  -0.00477  -0.00430  -0.00382  -0.00338  -0.00297  -0.00260
  -0.00228  -0.00199  -0.00174  -0.00152  -0.00134  -0.00117  -0.00103  -0.00091
  -0.00080  -0.00071  -0.00063  -0.00056  -0.00049  -0.00044  -0.00039  -0.00035
  -0.00031  -0.00028  -0.00025  -0.00023  -0.00021  -0.00019  -0.00017  -0.00015
  -0.00014  -0.00012  -0.00011  -0.00010  -0.00009  -0.00009  -0.00008  -0.00007
  -0.00007  -0.00006  -0.00006  -0.00005  -0.00005  -0.00004  -0.00004  -0.00004
  -0.00003  -0.00003  -0.00003  -0.00003  -0.00002  -0.00002  -0.00002  -0.00002
  -0.00002  -0.00002  -0.00002  -0.00001  -0.00001  -0.00001  -0.00001  -0.00001
  -0.00001  -0.00001  -0.00001  -0.00001  -0.00001  -0.00001  -0.00001  -0.00001
  -0.00001  -0.00001  -0.00001  -0.00001   0.00000   0.00000   0.00000   0.00000
   0.00000   0.00000   0.00000   0.00000   0.00000   0.00000   0.00000   0.00000
   0.00000   0.00000   0.00000   0.00000   0.00000   0.00000   0.00000   0.00000
   0.00000   0.00000   0.00000   0.00000   0.00000   0.00000   0.00000   0.00000
   0.00000