Core subshells:
  1s   2s   2p-  2p   3s   3p-  3p 

Valence subshells:
  4s 

Populations:

        2.0000000000        2.0000000000        2.0000000000        4.0000000000
        2.0000000000        2.0000000000        4.0000000000        2.0000000000 
 
  20.00000  19.09097  17.33088  15.72299  14.30445  12.96126  11.70500  10.58997
   9.64949   8.88482   8.27474   7.78785   7.39157   7.05718   6.76193   6.48927
   6.22812   5.97183   5.71703   5.46265   5.20910   4.95765   4.70997   4.46785
   4.23296   4.00678   3.79048   3.58498   3.39086   3.20847   3.03794   2.87916
   2.73189   2.59576   2.47029   2.35495   2.24914   2.15225   2.06367   1.98276
   1.90891   1.84154   1.78009   1.72400   1.67279   1.62597   1.58311   1.54382
   1.50770   1.47444   1.44370   1.41522   1.38874   1.36403   1.34087   1.31909
   1.29851   1.27900   1.26041   1.24263   1.22555   1.20909   1.19316   1.17770
   1.16263   1.14792   1.13350   1.11935   1.10542   1.09169   1.07813   1.06472
   1.05145   1.03829   1.02525   1.01229   0.99943   0.98665   0.97395   0.96133
   0.94877   0.93630   0.92389   0.91156   0.89930   0.88712   0.87502   0.86299
   0.85105   0.83919   0.82742   0.81574   0.80414   0.79265   0.78125   0.76995
   0.75875   0.74765   0.73666   0.72578   0.71501   0.70435   0.69380   0.68337
   0.67305   0.66286   0.65278   0.64282   0.63298   0.62326   0.61367   0.60420
   0.59484   0.58562   0.57651   0.56753   0.55867   0.54993   0.54132   0.53282
   0.52445   0.00000   0.00000   0.00000   0.00000   0.00000   0.00000   0.00000
  
  18.00000  17.71576  16.91675  15.74335  14.37454  12.97847  11.67988  10.54982
   9.61208   8.85738   8.25815   7.78012   7.38992   7.05905   6.76530   6.49275
   6.23085   5.97338   5.71726   5.46161   5.20695   4.95459   4.70625   4.46369
   4.22856   4.00231   3.78608   3.58075   3.38688   3.20481   3.03461   2.87619
   2.72928   2.59350   2.46836   2.35333   2.24781   2.15118   2.06283   1.98212
   1.90846   1.84124   1.77991   1.72393   1.67280   1.62606   1.58326   1.54400
   1.50791   1.47466   1.44393   1.41545   1.38896   1.36423   1.34106   1.31925
   1.29865   1.27911   1.26049   1.24268   1.22557   1.20908   1.19312   1.17762
   1.16253   1.14778   1.13334   1.11916   1.10520   1.09145   1.07786   1.06443
   1.05114   1.03796   1.02489   1.01192   0.99904   0.98625   0.97353   0.96090
   0.94833   0.93585   0.92343   0.91109   0.89883   0.88664   0.87453   0.86250
   0.85055   0.83869   0.82691   0.81523   0.80363   0.79214   0.78074   0.76943
   0.75824   0.74714   0.73615   0.72527   0.71450   0.70385   0.69330   0.68287
   0.67256   0.66237   0.65229   0.64234   0.63251   0.62279   0.61320   0.60373
   0.59439   0.58516   0.57606   0.56709   0.55823   0.54950   0.54089   0.53240
   0.52403   0.00000   0.00000   0.00000   0.00000   0.00000   0.00000   0.00000
  
   1.00000   0.68761   0.20706  -0.01018  -0.03504  -0.00861   0.01256   0.02008
   0.01871   0.01372   0.00829   0.00386   0.00082  -0.00093  -0.00168  -0.00174
  -0.00137  -0.00078  -0.00012   0.00052   0.00108   0.00153   0.00186   0.00208
   0.00220   0.00224   0.00220   0.00211   0.00199   0.00183   0.00166   0.00148
   0.00130   0.00113   0.00096   0.00081   0.00067   0.00054   0.00042   0.00032
   0.00023   0.00015   0.00009   0.00003  -0.00001  -0.00004  -0.00007  -0.00009
  -0.00010  -0.00011  -0.00011  -0.00011  -0.00011  -0.00010  -0.00009  -0.00008
  -0.00007  -0.00006  -0.00004  -0.00003  -0.00001   0.00001   0.00002   0.00004
   0.00005   0.00007   0.00008   0.00010   0.00011   0.00012   0.00013   0.00015
   0.00016   0.00017   0.00018   0.00018   0.00019   0.00020   0.00021   0.00021
   0.00022   0.00023   0.00023   0.00023   0.00024   0.00024   0.00024   0.00025
   0.00025   0.00025   0.00025   0.00025   0.00025   0.00026   0.00026   0.00026
   0.00026   0.00025   0.00025   0.00025   0.00025   0.00025   0.00025   0.00025
   0.00025   0.00024   0.00024   0.00024   0.00024   0.00024   0.00023   0.00023
   0.00023   0.00023   0.00022   0.00022   0.00022   0.00022   0.00021   0.00021
   0.00021   0.00000   0.00000   0.00000   0.00000   0.00000   0.00000   0.00000