Core subshells:
  1s   2s   2p-  2p   3s   3p-  3p   3d-  3d   4s   4p-  4p 

Valence subshells:
  4d-  4d   5s 

Populations:

        2.0000000000        2.0000000000        2.0000000000        4.0000000000
        2.0000000000        2.0000000000        4.0000000000        4.0000000000
        6.0000000000        2.0000000000        2.0000000000        4.0000000000
        4.0000000000        6.0000000000        2.0000000000

  48.00000  47.08449  44.79678  41.92302  38.92996  36.00738  33.25088  30.72496
  28.46783  26.49092  24.78335  23.31886  22.06280  20.97768  20.02723  19.17894
  18.40537  17.68463  17.00024  16.34058  15.69817  15.06888  14.45111  13.84509
  13.25228  12.67483  12.11519  11.57580  11.05889  10.56636  10.09964   9.65972
   9.24712   8.86192   8.50382   8.17215   7.86598   7.58414   7.32527   7.08791
   6.87052   6.67150   6.48926   6.32225   6.16893   6.02785   5.89765   5.77703
   5.66480   5.55987   5.46123   5.36798   5.27932   5.19452   5.11297   5.03410
   4.95743   4.88257   4.80915   4.73690   4.66558   4.59498   4.52497   4.45542
   4.38624   4.31739   4.24881   4.18051   4.11247   4.04472   3.97727   3.91017
   3.84344   3.77714   3.71132   3.64603   3.58131   3.51723   3.45384   3.39117
   3.32929   3.26824   3.20806   3.14880   3.09048   3.03315   2.97683   2.92155
   2.86733   2.81420   2.76216   2.71124   2.66145   2.61279   2.56526   2.51887
   2.47362   2.42951   2.38652   2.34466   2.30391   2.26426   2.22570   2.18821
   2.15179   2.11641   2.08206   2.04871   2.01635   1.98496   1.95451   1.92500
   1.89638   1.86865   1.84178   1.81575   1.79053   1.76611   1.74245   1.71955
   1.69737   0.00000   0.00000   0.00000   0.00000   0.00000   0.00000   0.00000
  
  36.00000  35.80243  35.22618  34.31748  33.14413  31.78505  30.31967  28.81909
  27.34043  25.92439  24.59569  23.36527  22.23357  21.19388  20.23543  19.34582
  18.51290  17.72582  16.97571  16.25585  15.56162  14.89022  14.24035  13.61181
  13.00522  12.42162  11.86226  11.32842  10.82118  10.34142   9.88968   9.46615
   9.07073   8.70296   8.36212   8.04722   7.75708   7.49037   7.24562   7.02129
   6.81582   6.62762   6.45512   6.29680   6.15119   6.01691   5.89263   5.77715
   5.66933   5.56815   5.47267   5.38205   5.29554   5.21248   5.13228   5.05444
   4.97853   4.90416   4.83103   4.75887   4.68749   4.61670   4.54639   4.47644
   4.40679   4.33741   4.26826   4.19934   4.13066   4.06224   3.99412   3.92634
   3.85894   3.79197   3.72549   3.65954   3.59419   3.52949   3.46549   3.40224
   3.33979   3.27820   3.21749   3.15772   3.09892   3.04113   2.98437   2.92867
   2.87405   2.82053   2.76814   2.71687   2.66675   2.61778   2.56996   2.52329
   2.47778   2.43341   2.39019   2.34811   2.30714   2.26730   2.22855   2.19089
   2.15430   2.11877   2.08427   2.05078   2.01829   1.98678   1.95622   1.92659
   1.89787   1.87005   1.84309   1.81697   1.79167   1.76717   1.74345   1.72048
   1.69823   0.00000   0.00000   0.00000   0.00000   0.00000   0.00000   0.00000
  
   1.00000   0.96511   0.86876   0.73185   0.57894   0.43066   0.30029   0.19406
   0.11296   0.05486   0.01610  -0.00738  -0.01942  -0.02337  -0.02195  -0.01728
  -0.01093  -0.00401   0.00272   0.00881   0.01398   0.01813   0.02125   0.02340
   0.02468   0.02520   0.02508   0.02446   0.02345   0.02214   0.02063   0.01899
   0.01728   0.01556   0.01386   0.01222   0.01065   0.00917   0.00779   0.00652
   0.00536   0.00431   0.00336   0.00251   0.00176   0.00110   0.00052   0.00001
  -0.00042  -0.00079  -0.00111  -0.00137  -0.00159  -0.00177  -0.00191  -0.00201
  -0.00209  -0.00215  -0.00219  -0.00220  -0.00220  -0.00219  -0.00217  -0.00213
  -0.00209  -0.00205  -0.00199  -0.00194  -0.00188  -0.00181  -0.00175  -0.00168
  -0.00162  -0.00155  -0.00149  -0.00143  -0.00136  -0.00130  -0.00124  -0.00118
  -0.00112  -0.00107  -0.00102  -0.00096  -0.00091  -0.00087  -0.00082  -0.00078
  -0.00073  -0.00069  -0.00066  -0.00062  -0.00058  -0.00055  -0.00052  -0.00049
  -0.00046  -0.00043  -0.00041  -0.00038  -0.00036  -0.00034  -0.00032  -0.00030
  -0.00028  -0.00026  -0.00025  -0.00023  -0.00022  -0.00020  -0.00019  -0.00018
  -0.00016  -0.00015  -0.00014  -0.00013  -0.00012  -0.00012  -0.00011  -0.00010
  -0.00009   0.00000   0.00000   0.00000   0.00000   0.00000   0.00000   0.00000
  
   1.00000   0.81548   0.44148   0.14353  -0.00179  -0.04213  -0.03587  -0.01738
  -0.00112   0.00899   0.01335   0.01368   0.01170   0.00874   0.00567   0.00298
   0.00090  -0.00052  -0.00135  -0.00167  -0.00163  -0.00133  -0.00088  -0.00037
   0.00015   0.00063   0.00104   0.00137   0.00161   0.00176   0.00183   0.00183
   0.00178   0.00168   0.00154   0.00139   0.00122   0.00104   0.00087   0.00070
   0.00054   0.00040   0.00027   0.00016   0.00007  -0.00001  -0.00007  -0.00012
  -0.00015  -0.00017  -0.00018  -0.00017  -0.00017  -0.00015  -0.00013  -0.00010
  -0.00007  -0.00004  -0.00001   0.00003   0.00006   0.00010   0.00013   0.00016
   0.00019   0.00022   0.00024   0.00027   0.00029   0.00031   0.00032   0.00034
   0.00035   0.00036   0.00036   0.00037   0.00037   0.00038   0.00038   0.00038
   0.00037   0.00037   0.00036   0.00036   0.00035   0.00034   0.00033   0.00033
   0.00032   0.00031   0.00029   0.00028   0.00027   0.00026   0.00025   0.00024
   0.00023   0.00022   0.00021   0.00020   0.00018   0.00017   0.00016   0.00015
   0.00014   0.00013   0.00013   0.00012   0.00011   0.00010   0.00009   0.00008
   0.00008   0.00007   0.00006   0.00006   0.00005   0.00005   0.00004   0.00004
   0.00003   0.00000   0.00000   0.00000   0.00000   0.00000   0.00000   0.00000