Core subshells:
  1s   2s   2p-  2p   3s   3p-  3p   3d-  3d   4s   4p-  4p   4d-  4d   5s   5p-  5p 

Valence subshells:
  4f-  5d-  6s 

Populations:

        2.0000000000        2.0000000000        2.0000000000        4.0000000000
        2.0000000000        2.0000000000        4.0000000000        4.0000000000
        6.0000000000        2.0000000000        2.0000000000        4.0000000000
        4.0000000000        6.0000000000        2.0000000000        2.0000000000
        4.0000000000        1.0000000000        1.0000000000        2.0000000000

  58.00000  56.50878  53.42351  50.14014  46.84351  43.60410  40.57084  37.83571
  35.40535  33.23756  31.27931  29.48774  27.83594  26.31062  24.90688  23.62319
  22.45783  21.40700  20.46409  19.61998  18.86364  18.18303  17.56590  17.00047
  16.47597  15.98298  15.51356  15.06133  14.62140  14.19027  13.76560  13.34607
  12.93121  12.52113  12.11646  11.71811  11.32719  10.94490  10.57243  10.21093
   9.86141   9.52476   9.20171   8.89281   8.59843   8.31879   8.05395   7.80380
   7.56815   7.34664   7.13886   6.94429   6.76235   6.59242   6.43384   6.28593
   6.14798   6.01929   5.89917   5.78695   5.68194   5.58353   5.49109   5.40405
   5.32186   5.24400   5.17001   5.09942   5.03185   4.96690   4.90425   4.84359
   4.78463   4.72713   4.67087   4.61565   4.56131   4.50769   4.45467   4.40214
   4.35002   4.29821   4.24667   4.19535   4.14421   4.09323   4.04238   3.99167
   3.94108   3.89063   3.84031   3.79015   3.74017   3.69037   3.64079   3.59145
   3.54237   3.49358   3.44511   3.39698   3.34922   3.30186   3.25492   3.20843
   3.16240   3.11687   3.07186   3.02738   2.98346   2.94011   2.89735   2.85520
   2.81366   2.77276   2.73250   2.69289   2.65394   2.61565   2.57804   2.54111
   2.50486
  
  54.00000  53.29930  51.36634  48.61653  45.52215  42.45554  39.62612  37.10018
  34.85695  32.84209  31.00195  29.29851  27.71122  26.23271  24.86284  23.60365
  22.45602  21.41791  20.48400  19.64602  18.89360  18.21516  17.59884  17.03316
  16.50761  16.01296  15.54147  15.08690  14.64450  14.21085  13.78369  13.36178
  12.94466  12.53251  12.12595  11.72589  11.33347  10.94986  10.57626  10.21379
   9.86347   9.52616   9.20256   8.89322   8.59851   8.31861   8.05358   7.80331
   7.56757   7.34603   7.13823   6.94367   6.76176   6.59187   6.43334   6.28548
   6.14758   6.01894   5.89888   5.78670   5.68174   5.58336   5.49095   5.40394
   5.32176   5.24392   5.16993   5.09936   5.03178   4.96683   4.90418   4.84350
   4.78453   4.72701   4.67074   4.61550   4.56114   4.50750   4.45446   4.40192
   4.34977   4.29795   4.24639   4.19505   4.14389   4.09289   4.04203   3.99131
   3.94071   3.89024   3.83992   3.78975   3.73976   3.68996   3.64037   3.59103
   3.54195   3.49316   3.44468   3.39656   3.34880   3.30144   3.25450   3.20801
   3.16199   3.11647   3.07146   3.02699   2.98308   2.93974   2.89699   2.85484
   2.81332   2.77242   2.73217   2.69257   2.65363   2.61535   2.57775   2.54083
   2.50458
    
   1.00000   0.97375   0.90112   0.79702   0.67840   0.55913   0.44825   0.35050
   0.26754   0.19914   0.14403   0.10051   0.06676   0.04106   0.02186   0.00781
  -0.00218  -0.00906  -0.01355  -0.01626  -0.01764  -0.01807  -0.01782  -0.01712
  -0.01611  -0.01493  -0.01366  -0.01237  -0.01110  -0.00989  -0.00874  -0.00768
  -0.00671  -0.00583  -0.00503  -0.00433  -0.00370  -0.00315  -0.00266  -0.00224
  -0.00187  -0.00155  -0.00128  -0.00105  -0.00085  -0.00068  -0.00053  -0.00041
  -0.00031  -0.00022  -0.00015  -0.00009  -0.00005  -0.00001   0.00003   0.00005
   0.00007   0.00009   0.00010   0.00011   0.00011   0.00011   0.00012   0.00012
   0.00012   0.00012   0.00011   0.00011   0.00011   0.00010   0.00010   0.00010
   0.00009   0.00009   0.00008   0.00008   0.00008   0.00007   0.00007   0.00007
   0.00006   0.00006   0.00006   0.00005   0.00005   0.00005   0.00005   0.00004
   0.00004   0.00004   0.00004   0.00003   0.00003   0.00003   0.00003   0.00003
   0.00003   0.00002   0.00002   0.00002   0.00002   0.00002   0.00002   0.00002
   0.00002   0.00001   0.00001   0.00001   0.00001   0.00001   0.00001   0.00001
   0.00001   0.00001   0.00001   0.00001   0.00001   0.00001   0.00001   0.00001
   0.00001
  
   1.00000   0.97319   0.89912   0.79335   0.67334   0.55321   0.44203   0.34442
   0.26191   0.19413   0.13973   0.09691   0.06383   0.03873   0.02006   0.00647
  -0.00315  -0.00971  -0.01396  -0.01647  -0.01770  -0.01801  -0.01768  -0.01692
  -0.01588  -0.01468  -0.01340  -0.01211  -0.01084  -0.00964  -0.00851  -0.00746
  -0.00651  -0.00564  -0.00487  -0.00418  -0.00356  -0.00302  -0.00255  -0.00214
  -0.00179  -0.00148  -0.00121  -0.00099  -0.00079  -0.00063  -0.00049  -0.00037
  -0.00028  -0.00019  -0.00013  -0.00007  -0.00003   0.00001   0.00004   0.00006
   0.00008   0.00010   0.00011   0.00011   0.00012   0.00012   0.00012   0.00012
   0.00012   0.00012   0.00012   0.00011   0.00011   0.00011   0.00010   0.00010
   0.00009   0.00009   0.00009   0.00008   0.00008   0.00007   0.00007   0.00007
   0.00006   0.00006   0.00006   0.00005   0.00005   0.00005   0.00005   0.00004
   0.00004   0.00004   0.00004   0.00003   0.00003   0.00003   0.00003   0.00003
   0.00002   0.00002   0.00002   0.00002   0.00002   0.00002   0.00002   0.00002
   0.00001   0.00001   0.00001   0.00001   0.00001   0.00001   0.00001   0.00001
   0.00001   0.00001   0.00001   0.00001   0.00001   0.00001   0.00001   0.00001
   0.00001
  
   1.00000   0.63127   0.12846  -0.03338  -0.01519   0.01811   0.02722   0.02030
   0.00947   0.00110  -0.00320  -0.00410  -0.00294  -0.00094   0.00107   0.00263
   0.00357   0.00393   0.00380   0.00334   0.00269   0.00198   0.00128   0.00067
   0.00018  -0.00019  -0.00042  -0.00055  -0.00058  -0.00053  -0.00042  -0.00028
  -0.00012   0.00004   0.00021   0.00036   0.00049   0.00060   0.00069   0.00076
   0.00080   0.00082   0.00082   0.00081   0.00078   0.00074   0.00069   0.00064
   0.00058   0.00052   0.00045   0.00039   0.00033   0.00027   0.00022   0.00017
   0.00012   0.00008   0.00005   0.00001  -0.00001  -0.00003  -0.00005  -0.00006
  -0.00007  -0.00008  -0.00008  -0.00008  -0.00008  -0.00007  -0.00006  -0.00005
  -0.00004  -0.00003  -0.00002  -0.00001   0.00001   0.00002   0.00003   0.00005
   0.00006   0.00007   0.00009   0.00010   0.00011   0.00012   0.00013   0.00014
   0.00015   0.00015   0.00016   0.00017   0.00017   0.00018   0.00018   0.00019
   0.00019   0.00019   0.00019   0.00019   0.00019   0.00019   0.00019   0.00019
   0.00019   0.00019   0.00018   0.00018   0.00018   0.00018   0.00017   0.00017
   0.00017   0.00016   0.00016   0.00015   0.00015   0.00014   0.00014   0.00014
   0.00013