Core subshells:
  1s   2s   2p-  2p 

Valence subshells:
  3s   3p-  3p 

Populations:
 
        2.0000000000   2.0000000000  2.0000000000  4.0000000000  
        2.0000000000   2.0000000000  3.0000000000
 
  17.00000  16.51016  15.23268  13.59501  11.98969  10.63235   9.57588   8.78193
   8.18118   7.70636   7.30506   6.94173   6.59502   6.25408   5.91498   5.57793
   5.24535   4.92047   4.60658   4.30652   4.02257   3.75627   3.50856   3.27978
   3.06981   2.87815   2.70402   2.54646   2.40436   2.27655   2.16185   2.05906
   1.96705   1.88472   1.81103   1.74504   1.68585   1.63267   1.58477   1.54148
   1.50221   1.46645   1.43371   1.40359   1.37572   1.34979   1.32551   1.30264
   1.28097   1.26032   1.24053   1.22147   1.20302   1.18509   1.16759   1.15045
   1.13362   1.11705   1.10071   1.08455   1.06855   1.05270   1.03698   1.02138
   1.00588   0.99049   0.97521   0.96002   0.94493   0.92995   0.91507   0.90030
   0.88565   0.87110   0.85668   0.84239   0.82822   0.81419   0.80030   0.78655
   0.77295   0.75950   0.74621   0.73308   0.72010   0.70729   0.69465   0.68218
   0.66988   0.65775   0.64579   0.63401   0.62241   0.61099   0.59974   0.58867
   0.57778   0.56706   0.55652   0.54616   0.53597   0.52596   0.51612   0.50646
   0.49696   0.48764   0.47848   0.46949   0.46066   0.45200   0.44349   0.43515
   0.42696   0.41893   0.41105   0.40332   0.39574   0.38831   0.38102   0.37387
   0.36686   0.00000   0.00000   0.00000   0.00000   0.00000   0.00000   0.00000
  
  10.00000   9.96860   9.87528   9.72262   9.51474   9.25707   8.95608   8.61893
   8.25314   7.86630   7.46579   7.05852   6.65077   6.24808   5.85516   5.47588
   5.11327   4.76960   4.44640   4.14458   3.86451   3.60610   3.36888   3.15211
   2.95481   2.77589   2.61412   2.46824   2.33697   2.21905   2.11324   2.01838
   1.93335   1.85711   1.78870   1.72724   1.67192   1.62201   1.57684   1.53581
   1.49840   1.46414   1.43260   1.40341   1.37625   1.35083   1.32691   1.30426
   1.28270   1.26207   1.24223   1.22305   1.20444   1.18631   1.16858   1.15120
   1.13411   1.11728   1.10066   1.08423   1.06797   1.05186   1.03589   1.02004
   1.00432   0.98871   0.97321   0.95783   0.94256   0.92740   0.91237   0.89745
   0.88266   0.86800   0.85346   0.83907   0.82481   0.81070   0.79674   0.78293
   0.76928   0.75578   0.74245   0.72928   0.71629   0.70346   0.69080   0.67832
   0.66602   0.65390   0.64195   0.63018   0.61859   0.60719   0.59596   0.58492
   0.57405   0.56336   0.55286   0.54253   0.53238   0.52240   0.51260   0.50297
   0.49352   0.48423   0.47512   0.46617   0.45739   0.44876   0.44031   0.43201
   0.42386   0.41587   0.40804   0.40035   0.39282   0.38543   0.37818   0.37108
   0.36411   0.00000   0.00000   0.00000   0.00000   0.00000   0.00000   0.00000
  
   1.00000   0.94992   0.81442   0.62997   0.43774   0.26902   0.13961   0.05199
   0.00044  -0.02397  -0.03024  -0.02584  -0.01626  -0.00515   0.00529   0.01395
   0.02040   0.02464   0.02693   0.02760   0.02703   0.02556   0.02349   0.02108
   0.01850   0.01591   0.01341   0.01107   0.00893   0.00702   0.00534   0.00389
   0.00266   0.00164   0.00081   0.00014  -0.00037  -0.00076  -0.00103  -0.00121
  -0.00130  -0.00132  -0.00129  -0.00122  -0.00110  -0.00096  -0.00080  -0.00062
  -0.00043  -0.00023  -0.00004   0.00016   0.00036   0.00055   0.00073   0.00091
   0.00108   0.00124   0.00139   0.00153   0.00166   0.00179   0.00190   0.00200
   0.00210   0.00218   0.00226   0.00233   0.00239   0.00244   0.00249   0.00253
   0.00256   0.00259   0.00261   0.00263   0.00264   0.00265   0.00266   0.00266
   0.00265   0.00264   0.00264   0.00262   0.00261   0.00259   0.00257   0.00255
   0.00253   0.00250   0.00248   0.00245   0.00242   0.00239   0.00236   0.00233
   0.00230   0.00227   0.00224   0.00221   0.00217   0.00214   0.00211   0.00208
   0.00204   0.00201   0.00198   0.00195   0.00191   0.00188   0.00185   0.00182
   0.00179   0.00176   0.00172   0.00169   0.00166   0.00163   0.00161   0.00158
   0.00155   0.00000   0.00000   0.00000   0.00000   0.00000   0.00000   0.00000
  
   1.00000   0.92834   0.74571   0.52249   0.31989   0.16745   0.06811   0.01181
  -0.01457  -0.02240  -0.02005  -0.01302  -0.00465   0.00326   0.00985   0.01483
   0.01826   0.02032   0.02126   0.02135   0.02080   0.01981   0.01854   0.01711
   0.01560   0.01409   0.01262   0.01122   0.00991   0.00869   0.00759   0.00658
   0.00568   0.00486   0.00414   0.00350   0.00294   0.00244   0.00200   0.00162
   0.00128   0.00099   0.00074   0.00052   0.00034   0.00018   0.00004  -0.00008
  -0.00017  -0.00026  -0.00033  -0.00038  -0.00043  -0.00046  -0.00049  -0.00051
  -0.00053  -0.00054  -0.00055  -0.00055  -0.00055  -0.00055  -0.00054  -0.00053
  -0.00053  -0.00052  -0.00050  -0.00049  -0.00048  -0.00047  -0.00045  -0.00044
  -0.00043  -0.00041  -0.00040  -0.00039  -0.00037  -0.00036  -0.00035  -0.00034
  -0.00033  -0.00031  -0.00030  -0.00029  -0.00028  -0.00027  -0.00026  -0.00025
  -0.00024  -0.00023  -0.00022  -0.00021  -0.00021  -0.00020  -0.00019  -0.00018
  -0.00018  -0.00017  -0.00016  -0.00016  -0.00015  -0.00014  -0.00014  -0.00013
  -0.00013  -0.00012  -0.00012  -0.00011  -0.00011  -0.00011  -0.00010  -0.00010
  -0.00009  -0.00009  -0.00009  -0.00008  -0.00008  -0.00008  -0.00008  -0.00007
  -0.00007   0.00000   0.00000   0.00000   0.00000   0.00000   0.00000   0.00000