Core subshells:                                                                  
  1s   2s   2p-  2p   3s   3p-  3p                                               
                                                                                 
Valence subshells:                                                               
  3d-  3d   4s                                                                   
                                                                                
Populations:                                                             
                                                                           
        2.0000000000        2.0000000000        2.0000000000        4.0000000000 
        2.0000000000        2.0000000000        4.0000000000        3.4515211876 
        3.5484788124        2.0000000000 
                                       
  27.00000  26.33063  24.74575  22.90681  21.10425  19.37642  17.72141  16.15491
  14.70179  13.38330  12.21142  11.18834  10.30832   9.56005   8.92889   8.39875
   7.95346   7.57770   7.25759   6.98100   6.73761   6.51895   6.31816   6.12993
   5.95021   5.77605   5.60538   5.43688   5.26977   5.10370   4.93865   4.77481
   4.61253   4.45222   4.29437   4.13945   3.98792   3.84021   3.69669   3.55770
   3.42349   3.29427   3.17020   3.05138   2.93784   2.82961   2.72664   2.62887
   2.53619   2.44848   2.36560   2.28738   2.21365   2.14423   2.07892   2.01753
   1.95987   1.90573   1.85492   1.80725   1.76253   1.72058   1.68123   1.64430
   1.60964   1.57708   1.54647   1.51769   1.49059   1.46505   1.44095   1.41819
   1.39664   1.37623   1.35685   1.33843   1.32088   1.30412   1.28810   1.27275
   1.25801   1.24383   1.23015   1.21693   1.20413   1.19172   1.17964   1.16788
   1.15641   1.14519   1.13421   1.12343   1.11285   1.10244   1.09218   1.08207
   1.07208   1.06221   1.05245   1.04278   1.03320   1.02370   1.01427   1.00492
   0.99562   0.98639   0.97720   0.96808   0.95900   0.94996   0.94098   0.93204
   0.92314   0.91428   0.90546   0.89669   0.88795   0.87926   0.87061   0.86200
   0.85343
  
  18.00000  17.87812  17.52247  16.96068  16.23392  15.39104  14.48237  13.55405
  12.64497  11.78441  10.99197  10.27838   9.64699   9.09548   8.61781   8.20555
   7.84942   7.53974   7.26744   7.02442   6.80359   6.59904   6.40611   6.22103
   6.04112   5.86435   5.68952   5.51584   5.34298   5.17093   4.99991   4.83031
   4.66241   4.49686   4.33423   4.17489   4.01930   3.86790   3.72116   3.57924
   3.44235   3.31084   3.18475   3.06406   2.94897   2.83941   2.73518   2.63635
   2.54274   2.45426   2.37065   2.29174   2.21752   2.14767   2.08187   2.02015
   1.96224   1.90781   1.85669   1.80881   1.76398   1.72180   1.68233   1.64530
   1.61049   1.57782   1.54718   1.51826   1.49110   1.46551   1.44140   1.41850
   1.39694   1.37648   1.35706   1.33857   1.32105   1.30418   1.28815   1.27275
   1.25801   1.24376   1.23008   1.21686   1.20402   1.19159   1.17951   1.16770
   1.15618   1.14502   1.13400   1.12319   1.11257   1.10212   1.09188   1.08177
   1.07177   1.06188   1.05209   1.04241   1.03289   1.02329   1.01389   1.00454
   0.99520   0.98603   0.97681   0.96767   0.95857   0.94951   0.94053   0.93157
   0.92275   0.91384   0.90507   0.89622   0.88751   0.87885   0.87016   0.86156
   0.85304
  
   1.00000   0.97541   0.90699   0.80817   0.69460   0.57954   0.47184   0.37624
   0.29447   0.22639   0.17086   0.12629   0.09102   0.06346   0.04219   0.02599
   0.01382   0.00485  -0.00164  -0.00619  -0.00926  -0.01120  -0.01230  -0.01277
  -0.01279  -0.01249  -0.01198  -0.01132  -0.01058  -0.00979  -0.00900  -0.00823
  -0.00748  -0.00677  -0.00610  -0.00549  -0.00492  -0.00440  -0.00392  -0.00349
  -0.00311  -0.00276  -0.00244  -0.00216  -0.00191  -0.00169  -0.00149  -0.00131
  -0.00116  -0.00102  -0.00089  -0.00078  -0.00069  -0.00060  -0.00053  -0.00046
  -0.00040  -0.00035  -0.00030  -0.00026  -0.00023  -0.00019  -0.00017  -0.00014
  -0.00012  -0.00010  -0.00008  -0.00007  -0.00006  -0.00005  -0.00004  -0.00003
  -0.00002  -0.00001  -0.00001   0.00000   0.00000   0.00000   0.00001   0.00001
   0.00001   0.00001   0.00001   0.00002   0.00002   0.00002   0.00002   0.00002
   0.00002   0.00002   0.00002   0.00002   0.00002   0.00002   0.00002   0.00002
   0.00002   0.00002   0.00002   0.00002   0.00002   0.00002   0.00002   0.00002
   0.00002   0.00001   0.00001   0.00001   0.00001   0.00001   0.00001   0.00001
   0.00001   0.00001   0.00001   0.00001   0.00001   0.00001   0.00001   0.00001
   0.00001

   1.00000   0.81230   0.43715   0.14450   0.00406  -0.03572  -0.03190  -0.01642
  -0.00225   0.00706   0.01170   0.01295   0.01211   0.01019   0.00788   0.00563
   0.00364   0.00203   0.00081  -0.00004  -0.00057  -0.00084  -0.00092  -0.00084
  -0.00066  -0.00042  -0.00015   0.00013   0.00041   0.00066   0.00088   0.00107
   0.00123   0.00135   0.00143   0.00149   0.00152   0.00152   0.00150   0.00146
   0.00141   0.00135   0.00128   0.00120   0.00111   0.00103   0.00094   0.00086
   0.00077   0.00069   0.00061   0.00054   0.00047   0.00041   0.00035   0.00029
   0.00024   0.00019   0.00015   0.00011   0.00008   0.00005   0.00003   0.00000
  -0.00001  -0.00003  -0.00004  -0.00005  -0.00006  -0.00007  -0.00007  -0.00007
  -0.00007  -0.00007  -0.00007  -0.00006  -0.00006  -0.00005  -0.00005  -0.00004
  -0.00003  -0.00003  -0.00002  -0.00001   0.00000   0.00001   0.00001   0.00002
   0.00003   0.00004   0.00005   0.00006   0.00006   0.00007   0.00008   0.00009
   0.00009   0.00010   0.00011   0.00011   0.00012   0.00013   0.00013   0.00014
   0.00014   0.00015   0.00015   0.00016   0.00016   0.00016   0.00017   0.00017
   0.00018   0.00018   0.00018   0.00018   0.00019   0.00019   0.00019   0.00019
   0.00019