Core subshells:
  1s   2s   2p-  2p   3s   3p-  3p 

Valence subshells:
  3d-  3d   4s 

Populations:

        2.0000000000        2.0000000000        2.0000000000        4.0000000000
        2.0000000000        2.0000000000        4.0000000000        2.0216534211 
        2.9783465789        1.0000000000

  24.00000  23.35946  21.85172  20.07958  18.30027  16.58688  14.98219  13.52275
  12.23245  11.11979  10.17973   9.39767   8.75338   8.22440   7.78841   7.42489
   7.11595   6.84668   6.60517   6.38224   6.17112   5.96704   5.76688   5.56876
   5.37176   5.17567   4.98072   4.78746   4.59663   4.40900   4.22537   4.04650
   3.87303   3.70556   3.54452   3.39029   3.24309   3.10309   2.97034   2.84483
   2.72647   2.61512   2.51059   2.41264   2.32103   2.23548   2.15568   2.08134
   2.01215   1.94779   1.88797   1.83239   1.78075   1.73278   1.68820   1.64675
   1.60820   1.57232   1.53887   1.50767   1.47852   1.45124   1.42567   1.40165
   1.37905   1.35772   1.33755   1.31843   1.30026   1.28294   1.26639   1.25053
   1.23529   1.22060   1.20642   1.19268   1.17934   1.16635   1.15368   1.14130
   1.12917   1.11726   1.10555   1.09402   1.08265   1.07143   1.06033   1.04935
   1.03847   1.02768   1.01698   1.00636   0.99581   0.98533   0.97492   0.96456
   0.95426   0.94402   0.93383   0.92369   0.91361   0.90357   0.89359   0.88366
   0.87379   0.86396   0.85420   0.84448   0.83482   0.82522   0.81568   0.80620
   0.79678   0.78742   0.77813   0.76890   0.75974   0.75064   0.74162   0.73266
   0.72377
  
  18.00000  17.82996  17.33916  16.58113  15.63173  14.57448  13.48718  12.43289
  11.45591  10.58196   9.82096   9.17099   8.62243   8.16138   7.77237   7.44026
   7.15131   6.89378   6.65817   6.43711   6.22514   6.01849   5.81473   5.61247
   5.41115   5.21077   5.01172   4.81465   4.62031   4.42954   4.24310   4.06175
   3.88612   3.71675   3.55408   3.39844   3.25003   3.10900   2.97537   2.84911
   2.73011   2.61822   2.51323   2.41490   2.32296   2.23713   2.15710   2.08256
   2.01320   1.94871   1.88877   1.83308   1.78135   1.73330   1.68865   1.64715
   1.60855   1.57262   1.53914   1.50791   1.47873   1.45142   1.42582   1.40178
   1.37915   1.35781   1.33762   1.31848   1.30029   1.28296   1.26639   1.25052
   1.23527   1.22057   1.20638   1.19262   1.17927   1.16628   1.15360   1.14121
   1.12907   1.11715   1.10544   1.09390   1.08252   1.07129   1.06019   1.04920
   1.03832   1.02753   1.01682   1.00620   0.99565   0.98517   0.97475   0.96439
   0.95408   0.94384   0.93365   0.92351   0.91342   0.90339   0.89340   0.88347
   0.87360   0.86377   0.85400   0.84429   0.83463   0.82503   0.81549   0.80601
   0.79659   0.78723   0.77794   0.76871   0.75955   0.75045   0.74143   0.73247
   0.72359
  
   1.00000   0.95485   0.83799   0.68853   0.53966   0.40892   0.30181   0.21761
   0.15318   0.10482   0.06912   0.04316   0.02460   0.01157   0.00264  -0.00329
  -0.00704  -0.00924  -0.01035  -0.01071  -0.01057  -0.01011  -0.00945  -0.00870
  -0.00790  -0.00711  -0.00635  -0.00563  -0.00497  -0.00437  -0.00382  -0.00334
  -0.00291  -0.00253  -0.00219  -0.00190  -0.00164  -0.00142  -0.00123  -0.00106
  -0.00091  -0.00078  -0.00067  -0.00058  -0.00050  -0.00042  -0.00036  -0.00031
  -0.00026  -0.00022  -0.00019  -0.00016  -0.00014  -0.00011  -0.00010  -0.00008
  -0.00006  -0.00005  -0.00004  -0.00003  -0.00003  -0.00002  -0.00001  -0.00001
   0.00000   0.00000   0.00000   0.00000   0.00001   0.00001   0.00001   0.00001
   0.00001   0.00001   0.00001   0.00001   0.00001   0.00001   0.00001   0.00001
   0.00001   0.00001   0.00001   0.00001   0.00001   0.00001   0.00001   0.00001
   0.00001   0.00001   0.00001   0.00001   0.00001   0.00001   0.00001   0.00001
   0.00001   0.00001   0.00001   0.00001   0.00001   0.00001   0.00001   0.00001
   0.00001   0.00001   0.00001   0.00001   0.00000   0.00000   0.00000   0.00000
   0.00000   0.00000   0.00000   0.00000   0.00000   0.00000   0.00000   0.00000
   0.00000
   
   1.00000   0.75524   0.32262   0.05580  -0.02977  -0.03220  -0.01405   0.00180
   0.01066   0.01373   0.01318   0.01086   0.00796   0.00518   0.00284   0.00107
  -0.00015  -0.00089  -0.00125  -0.00131  -0.00118  -0.00091  -0.00058  -0.00022
   0.00013   0.00045   0.00074   0.00097   0.00116   0.00130   0.00139   0.00144
   0.00146   0.00144   0.00140   0.00135   0.00127   0.00119   0.00110   0.00101
   0.00091   0.00082   0.00072   0.00063   0.00055   0.00047   0.00040   0.00033
   0.00027   0.00021   0.00016   0.00012   0.00008   0.00005   0.00002  -0.00001
  -0.00003  -0.00005  -0.00006  -0.00007  -0.00008  -0.00008  -0.00008  -0.00008
  -0.00008  -0.00008  -0.00007  -0.00007  -0.00006  -0.00006  -0.00005  -0.00004
  -0.00003  -0.00002  -0.00002  -0.00001   0.00000   0.00001   0.00002   0.00003
   0.00004   0.00004   0.00005   0.00006   0.00007   0.00008   0.00008   0.00009
   0.00010   0.00010   0.00011   0.00011   0.00012   0.00012   0.00013   0.00013
   0.00014   0.00014   0.00014   0.00015   0.00015   0.00015   0.00016   0.00016
   0.00016   0.00016   0.00016   0.00017   0.00017   0.00017   0.00017   0.00017
   0.00017   0.00017   0.00017   0.00017   0.00017   0.00017   0.00017   0.00017
   0.00017