Core subshells:                                                                  
  1s   2s   2p-  2p   3s   3p-  3p   3d-  3d   4s   4p-  4p   4d-  4d   5s   5p- 
5p
                                                                                 
Valence subshells:                                                               
  6s                                                                             
                                                                                 
Populations:                                                             

       2.0000000000        2.0000000000        2.0000000000        4.0000000000
       2.0000000000        2.0000000000        4.0000000000        4.0000000000 
       6.0000000000        2.0000000000        2.0000000000        4.0000000000
       4.0000000000        6.0000000000        2.0000000000        2.0000000000 
       4.0000000000        1.0000000000                                                                                                                                   
  55.00000  53.52660  50.60239  47.29047  43.88808  40.71216  37.90329  35.43958
  33.24120  31.23629  29.38186  27.66083  26.07149  24.61754  23.30155  22.12170
  21.07110  20.13850  19.30966  18.56886  17.90031  17.28910  16.72196  16.18763
  15.67703  15.18319  14.70108  14.22742  13.76033  13.29909  12.84384  12.39536
  11.95481  11.52363  11.10328  10.69526  10.30090   9.92141   9.55776   9.21071
   8.88080   8.56832   8.27336   7.99583   7.73544   7.49177   7.26425   7.05222
   6.85495   6.67163   6.50140   6.34341   6.19677   6.06060   5.93404   5.81625
   5.70642   5.60378   5.50758   5.41716   5.33185   5.25107   5.17426   5.10092
   5.03059   4.96286   4.89736   4.83375   4.77174   4.71108   4.65153   4.59290
   4.53503   4.47778   4.42102   4.36466   4.30863   4.25286   4.19731   4.14195
   4.08676   4.03172   3.97685   3.92213   3.86759   3.81325   3.75913   3.70524
   3.65163   3.59832   3.54534   3.49272   3.44050   3.38872   3.33739   3.28655
   3.23624   3.18647   3.13729   3.08871   3.04076   2.99346   2.94683   2.90090
   2.85567   2.81117   2.76741   2.72440   2.68215   2.64067   2.59996   2.56003
   2.52089   2.48254   2.44497   2.40820   2.37221   2.33700   2.30257   2.26892
   2.23604
  
  54.00000  53.07753  50.61753  47.32493  43.88266  40.69641  37.89236  35.43553
  33.24164  31.23848  29.38403  27.66212  26.07171  24.61681  23.30027  22.12011
  21.06951  20.13707  19.30851  18.56809  17.89988  17.28883  16.72196  16.18777
  15.67723  15.18349  14.70136  14.22765  13.76048  13.29920  12.84384  12.39525
  11.95476  11.52344  11.10309  10.69505  10.30062   9.92107   9.55748   9.21046
   8.88050   8.56810   8.27305   7.99564   7.73526   7.49163   7.26405   7.05205
   6.85479   6.67153   6.50140   6.34338   6.19670   6.06059   5.93411   5.81623
   5.70641   5.60381   5.50760   5.41716   5.33191   5.25105   5.17428   5.10100
   5.03061   4.96294   4.89734   4.83375   4.77178   4.71108   4.65154   4.59285
   4.53507   4.47774   4.42095   4.36463   4.30863   4.25279   4.19725   4.14198
   4.08677   4.03164   3.97676   3.92210   3.86755   3.81321   3.75910   3.70515
   3.65154   3.59825   3.54532   3.49262   3.44046   3.38864   3.33734   3.28648
   3.23615   3.18646   3.13720   3.08867   3.04071   2.99342   2.94678   2.90085
   2.85566   2.81107   2.76742   2.72426   2.68208   2.64063   2.59992   2.55999
   2.52084   2.48252   2.44489   2.40809   2.37224   2.33695   2.30254   2.26894
   2.23602
  
   1.00000   0.44910  -0.01516  -0.03451   0.00545   0.01577   0.01092   0.00407
  -0.00041  -0.00220  -0.00218  -0.00130  -0.00021   0.00071   0.00130   0.00157
   0.00158   0.00140   0.00112   0.00080   0.00050   0.00023   0.00003  -0.00012
  -0.00021  -0.00024  -0.00024  -0.00021  -0.00016  -0.00009  -0.00003   0.00004
   0.00011   0.00016   0.00021   0.00024   0.00027   0.00029   0.00030   0.00030
   0.00029   0.00028   0.00026   0.00024   0.00022   0.00019   0.00017   0.00014
   0.00012   0.00010   0.00008   0.00006   0.00004   0.00002   0.00001   0.00000
  -0.00001  -0.00002  -0.00002  -0.00003  -0.00003  -0.00003  -0.00003  -0.00003
  -0.00003  -0.00003  -0.00002  -0.00002  -0.00001  -0.00001   0.00000   0.00000
   0.00001   0.00001   0.00002   0.00002   0.00003   0.00003   0.00003   0.00004
   0.00004   0.00005   0.00005   0.00005   0.00005   0.00006   0.00006   0.00006
   0.00006   0.00006   0.00006   0.00006   0.00007   0.00007   0.00007   0.00007
   0.00007   0.00006   0.00006   0.00006   0.00006   0.00006   0.00006   0.00006
   0.00006   0.00006   0.00005   0.00005   0.00005   0.00005   0.00005   0.00005
   0.00004   0.00004   0.00004   0.00004   0.00004   0.00004   0.00003   0.00003
   0.00003