Core subshells:
  1s   2s   2p-  2p   3s   3p-  3p 

Valence subshells:
  3d-  3d   4s 

Populations:

        2.0000000000        2.0000000000        2.0000000000        4.0000000000
        2.0000000000        2.0000000000        4.0000000000        4.0000000000
        6.0000000000        1.0000000000

  29.00000  28.44773  27.08423  25.36970  23.54022  21.68762  19.86933  18.13269
  16.51337  15.03419  13.70644  12.53219  11.50663  10.62019   9.86027   9.21269
   8.66273   8.19601   7.79894   7.45916   7.16569   6.90901   6.68102   6.47499
   6.28544   6.10796   5.93916   5.77641   5.61783   5.46206   5.30823   5.15580
   5.00455   4.85445   4.70560   4.55825   4.41267   4.26921   4.12820   3.98997
   3.85485   3.72313   3.59505   3.47084   3.35068   3.23472   3.12304   3.01573
   2.91282   2.81431   2.72017   2.63036   2.54482   2.46344   2.38613   2.31277
   2.24323   2.17738   2.11507   2.05617   2.00051   1.94796   1.89835   1.85155
   1.80740   1.76576   1.72649   1.68946   1.65452   1.62156   1.59044   1.56106
   1.53330   1.50705   1.48220   1.45868   1.43637   1.41520   1.39508   1.37594
   1.35770   1.34030   1.32367   1.30776   1.29250   1.27785   1.26375   1.25017
   1.23706   1.22438   1.21210   1.20018   1.18859   1.17731   1.16631   1.15556
   1.14504   1.13474   1.12463   1.11469   1.10492   1.09529   1.08580   1.07643
   1.06718   1.05802   1.04896   1.03999   1.03109   1.02227   1.01352   1.00483
   0.99619   0.98762   0.97909   0.97061   0.96218   0.95379   0.94544   0.93714
   0.92887   0.00000   0.00000   0.00000   0.00000   0.00000   0.00000   0.00000
  
  18.00000  17.89659  17.59352  17.11123  16.48061  15.73897  14.92579  14.07890
  13.23156  12.41071  11.63631  10.92149  10.27328   9.69373   9.18105   8.73077
   8.33670   7.99179   7.68874   7.42046   7.18038   6.96262   6.76210   6.57456
   6.39652   6.22520   6.05848   5.89483   5.73314   5.57274   5.41325   5.25455
   5.09668   4.93985   4.78435   4.63053   4.47875   4.32941   4.18288   4.03951
   3.89963   3.76351   3.63141   3.50352   3.38002   3.26101   3.14658   3.03679
   2.93163   2.83110   2.73514   2.64371   2.55670   2.47401   2.39553   2.32112
   2.25064   2.18396   2.12090   2.06133   2.00508   1.95199   1.90192   1.85469
   1.81017   1.76819   1.72863   1.69132   1.65615   1.62298   1.59167   1.56212
   1.53421   1.50783   1.48287   1.45923   1.43683   1.41558   1.39539   1.37618
   1.35788   1.34043   1.32375   1.30780   1.29250   1.27782   1.26369   1.25009
   1.23695   1.22425   1.21195   1.20002   1.18842   1.17713   1.16611   1.15535
   1.14483   1.13452   1.12440   1.11446   1.10468   1.09505   1.08556   1.07619
   1.06693   1.05777   1.04871   1.03974   1.03084   1.02202   1.01327   1.00458
   0.99595   0.98737   0.97884   0.97037   0.96194   0.95355   0.94520   0.93690
   0.92863   0.00000   0.00000   0.00000   0.00000   0.00000   0.00000   0.00000
  
   1.00000   0.97559   0.90849   0.81331   0.70576   0.59789   0.49705   0.40687
   0.32856   0.26197   0.20621   0.16010   0.12236   0.09177   0.06720   0.04763
   0.03219   0.02015   0.01086   0.00380  -0.00147  -0.00532  -0.00804  -0.00987
  -0.01102  -0.01165  -0.01187  -0.01179  -0.01150  -0.01106  -0.01051  -0.00990
  -0.00926  -0.00860  -0.00795  -0.00731  -0.00670  -0.00612  -0.00557  -0.00506
  -0.00458  -0.00414  -0.00374  -0.00337  -0.00303  -0.00272  -0.00244  -0.00219
  -0.00196  -0.00175  -0.00156  -0.00140  -0.00124  -0.00111  -0.00098  -0.00088
  -0.00078  -0.00069  -0.00061  -0.00054  -0.00048  -0.00042  -0.00037  -0.00032
  -0.00028  -0.00025  -0.00022  -0.00019  -0.00016  -0.00014  -0.00012  -0.00010
  -0.00009  -0.00007  -0.00006  -0.00005  -0.00004  -0.00003  -0.00003  -0.00002
  -0.00001  -0.00001   0.00000   0.00000   0.00000   0.00001   0.00001   0.00001
   0.00001   0.00001   0.00002   0.00002   0.00002   0.00002   0.00002   0.00002
   0.00002   0.00002   0.00002   0.00002   0.00002   0.00002   0.00002   0.00002
   0.00002   0.00002   0.00002   0.00002   0.00002   0.00002   0.00002   0.00002
   0.00002   0.00002   0.00002   0.00001   0.00001   0.00001   0.00001   0.00001
   0.00001   0.00000   0.00000   0.00000   0.00000   0.00000   0.00000   0.00000
  
   1.00000   0.79525   0.40581   0.12541   0.00200  -0.03029  -0.02699  -0.01490
  -0.00380   0.00380   0.00803   0.00971   0.00971   0.00872   0.00726   0.00564
   0.00409   0.00272   0.00158   0.00068   0.00002  -0.00043  -0.00070  -0.00083
  -0.00084  -0.00078  -0.00065  -0.00048  -0.00029  -0.00010   0.00009   0.00028
   0.00044   0.00059   0.00071   0.00082   0.00090   0.00096   0.00101   0.00103
   0.00104   0.00104   0.00102   0.00099   0.00096   0.00092   0.00087   0.00082
   0.00077   0.00072   0.00066   0.00061   0.00055   0.00050   0.00045   0.00040
   0.00036   0.00031   0.00027   0.00023   0.00020   0.00016   0.00013   0.00011
   0.00008   0.00006   0.00004   0.00002   0.00001  -0.00001  -0.00002  -0.00003
  -0.00004  -0.00004  -0.00005  -0.00005  -0.00005  -0.00005  -0.00006  -0.00006
  -0.00005  -0.00005  -0.00005  -0.00005  -0.00004  -0.00004  -0.00004  -0.00003
  -0.00003  -0.00002  -0.00002  -0.00001  -0.00001   0.00000   0.00000   0.00001
   0.00002   0.00002   0.00003   0.00003   0.00004   0.00004   0.00005   0.00005
   0.00006   0.00006   0.00006   0.00007   0.00007   0.00008   0.00008   0.00008
   0.00009   0.00009   0.00009   0.00010   0.00010   0.00010   0.00011   0.00011
   0.00011   0.00000   0.00000   0.00000   0.00000   0.00000   0.00000   0.00000