Core subshells:
  1s   2s   2p-  2p   3s   3p-  3p   3d-  3d   4s   4p-  4p   4d-  4d   5s   5p-  5p  

Valence subshells:
  4f-  4f   6s 

Populations:

        2.0000000000        2.0000000000        2.0000000000        4.0000000000
        2.0000000000        2.0000000000        4.0000000000        4.0000000000
        6.0000000000        2.0000000000        2.0000000000        4.0000000000
        4.0000000000        6.0000000000        2.0000000000        2.0000000000
        4.0000000000        5.4393567788        4.5606432212        2.0000000000

  66.00000  64.62691  61.69233  58.44453  55.07061  51.62436  48.25367  45.08678
  42.18318  39.54651  37.15155  34.96507  32.95718  31.10545  29.39491  27.81619
  26.36332  25.03179  23.81717  22.71428  21.71683  20.81739  20.00758  19.27836
  18.62039  18.02434  17.48116  16.98239  16.52024  16.08777  15.67891  15.28850
  14.91224  14.54670  14.18919  13.83771  13.49086  13.14776  12.80797  12.47138
  12.13817  11.80871  11.48354  11.16328  10.84860  10.54020  10.23875   9.94489
   9.65921   9.38222   9.11436   8.85599   8.60740   8.36877   8.14022   7.92179
   7.71344   7.51508   7.32655   7.14764   6.97809   6.81762   6.66590   6.52257
   6.38726   6.25959   6.13916   6.02556   5.91838   5.81724   5.72172   5.63144
   5.54601   5.46507   5.38827   5.31526   5.24572   5.17934   5.11584   5.05493
   4.99637   4.93991   4.88533   4.83243   4.78101   4.73091   4.68196   4.63403
   4.58698   4.54069   4.49506   4.44999   4.40541   4.36125   4.31743   4.27390
   4.23062   4.18756   4.14467   4.10194   4.05933   4.01685   3.97448   3.93221
   3.89003   3.84796   3.80600   3.76414   3.72240   3.68080   3.63933   3.59802
   3.55687   3.51591   3.47515   3.43459   3.39427   3.35419   3.31438   3.27484
   3.23559
  
  54.00000  53.46433  51.97268  49.80444  47.28542  44.69454  42.21493  39.93229
  37.86137  35.97847  34.24705  32.63319  31.11222  29.66981  28.30003  27.00252
  25.77973  24.63479  23.56999  22.58606  21.68179  20.85411  20.09838  19.40873
  18.77852  18.20066  17.66806  17.17383  16.71152  16.27529  15.86000  15.46123
  15.07529  14.69925  14.33079  13.96823  13.61041  13.25663  12.90658  12.56025
  12.21788  11.87987  11.54678  11.21923  10.89789  10.58342  10.27647   9.97767
   9.68755   9.40659   9.13521   8.87372   8.62237   8.38131   8.15064   7.93035
   7.72040   7.52064   7.33091   7.15097   6.98054   6.81932   6.66697   6.52311
   6.38735   6.25931   6.13857   6.02472   5.91735   5.81604   5.72039   5.63001
   5.54451   5.46352   5.38668   5.31364   5.24409   5.17771   5.11420   5.05330
   4.99475   4.93830   4.88374   4.83086   4.77946   4.72938   4.68046   4.63254
   4.58551   4.53924   4.49363   4.44859   4.40403   4.35988   4.31608   4.27257
   4.22931   4.18626   4.14339   4.10068   4.05809   4.01563   3.97327   3.93102
   3.88886   3.84681   3.80486   3.76302   3.72131   3.67972   3.63827   3.59697
   3.55585   3.51490   3.47416   3.43363   3.39332   3.35326   3.31347   3.27395
   3.23472
  
   1.00000   0.98348   0.93665   0.86648   0.78159   0.69000   0.59797   0.50986
   0.42835   0.35486   0.28992   0.23346   0.18506   0.14407   0.10974   0.08129
   0.05797   0.03907   0.02392   0.01194   0.00261  -0.00453  -0.00985  -0.01369
  -0.01635  -0.01804  -0.01899  -0.01934  -0.01924  -0.01880  -0.01811  -0.01724
  -0.01626  -0.01521  -0.01412  -0.01303  -0.01195  -0.01091  -0.00991  -0.00896
  -0.00807  -0.00724  -0.00647  -0.00576  -0.00511  -0.00452  -0.00398  -0.00349
  -0.00305  -0.00265  -0.00229  -0.00198  -0.00169  -0.00144  -0.00122  -0.00102
  -0.00085  -0.00070  -0.00057  -0.00045  -0.00035  -0.00026  -0.00019  -0.00012
  -0.00007  -0.00002   0.00002   0.00005   0.00008   0.00010   0.00012   0.00013
   0.00015   0.00016   0.00016   0.00017   0.00017   0.00017   0.00017   0.00017
   0.00017   0.00016   0.00016   0.00016   0.00015   0.00015   0.00014   0.00014
   0.00013   0.00013   0.00013   0.00012   0.00012   0.00011   0.00011   0.00010
   0.00010   0.00009   0.00009   0.00008   0.00008   0.00008   0.00007   0.00007
   0.00007   0.00006   0.00006   0.00006   0.00005   0.00005   0.00005   0.00005
   0.00004   0.00004   0.00004   0.00004   0.00004   0.00003   0.00003   0.00003
   0.00003
  
   1.00000   0.66388   0.17658  -0.01234  -0.01535   0.01493   0.02952   0.02795
   0.01916   0.00972   0.00266  -0.00137  -0.00282  -0.00252  -0.00124   0.00038
   0.00193   0.00317   0.00401   0.00443   0.00449   0.00426   0.00383   0.00328
   0.00267   0.00206   0.00149   0.00099   0.00058   0.00025   0.00001  -0.00014
  -0.00022  -0.00024  -0.00020  -0.00012  -0.00002   0.00011   0.00024   0.00037
   0.00050   0.00063   0.00074   0.00083   0.00091   0.00097   0.00102   0.00105
   0.00106   0.00106   0.00104   0.00102   0.00098   0.00094   0.00089   0.00083
   0.00077   0.00071   0.00064   0.00058   0.00052   0.00046   0.00040   0.00034
   0.00029   0.00024   0.00020   0.00016   0.00012   0.00009   0.00006   0.00004
   0.00002   0.00000  -0.00001  -0.00002  -0.00003  -0.00003  -0.00003  -0.00003
  -0.00002  -0.00002  -0.00001   0.00000   0.00001   0.00002   0.00003   0.00005
   0.00006   0.00007   0.00009   0.00010   0.00012   0.00013   0.00014   0.00016
   0.00017   0.00018   0.00019   0.00020   0.00022   0.00023   0.00024   0.00024
   0.00025   0.00026   0.00027   0.00027   0.00028   0.00028   0.00029   0.00029
   0.00029   0.00029   0.00029   0.00029   0.00030   0.00029   0.00029   0.00029
   0.00029