Core subshells:
  1s   2s   2p-  2p   3s   3p-  3p   3d-  3d   4s   4p-  4p   4d-  4d   5s   5p-  5p 

Valence subshells:

  4f-  4f   6s   

Populations:

        2.0000000000        2.0000000000        2.0000000000        4.0000000000
        2.0000000000        2.0000000000        4.0000000000        4.0000000000
        6.0000000000        2.0000000000        2.0000000000        4.0000000000 
        4.0000000000        6.0000000000        2.0000000000        2.0000000000
        4.0000000000        5.5000000000        6.5000000000        2.0000000000
 
  68.00000  66.67293  63.80178  60.58908  57.23088  53.77301  50.35471  47.10737
  44.10133  41.35217  38.84395  36.54893  34.43946  32.49312  30.69382  29.03079
  27.49684  26.08671  24.79574  23.61896  22.55064  21.58409  20.71174  19.92531
  19.21610  18.57524  17.99396  17.46384  16.97696  16.52607  16.10463  15.70693
  15.32804  14.96380  14.61082  14.26640  13.92845  13.59546  13.26637  12.94057
  12.61777  12.29794  11.98130  11.66822  11.35917  11.05471  10.75545  10.46197
  10.17488   9.89474   9.62207   9.35731   9.10087   8.85308   8.61418   8.38437
   8.16376   7.95242   7.75032   7.55740   7.37355   7.19860   7.03235   6.87456
   6.72495   6.58322   6.44907   6.32215   6.20212   6.08864   5.98134   5.87987
   5.78387   5.69300   5.60690   5.52525   5.44773   5.37400   5.30379   5.23679
   5.17274   5.11137   5.05244   4.99573   4.94101   4.88809   4.83678   4.78691
   4.73831   4.69084   4.64437   4.59878   4.55395   4.50979   4.46621   4.42312
   4.38046   4.33817   4.29619   4.25448   4.21299   4.17169   4.13056   4.08957
   4.04870   4.00795   3.96730   3.92675   3.88629   3.84592   3.80566   3.76549
   3.72543   3.68549   3.64568   3.60601   3.56649   3.52713   3.48794   3.44895
   3.41016
  
  54.00000  53.50737  52.12293  50.08628  47.69141  45.19902  42.78810  40.55009
  38.50913  36.64980  34.94063  33.34940  31.85072  30.42825  29.07376  27.78501
  26.56329  25.41140  24.33208  23.32707  22.39661  21.53925  20.75203  20.03066
  19.36988  18.76375  18.20604  17.69046  17.21091  16.76163  16.33738  15.93350
  15.54592  15.17122  14.80658  14.44976  14.09907  13.75328  13.41158  13.07351
  12.73891  12.40787  12.08064  11.75763  11.43935  11.12634  10.81919  10.51849
  10.22481   9.93867   9.66057   9.39091   9.13006   8.87831   8.63588   8.40293
   8.17953   7.96570   7.76142   7.56658   7.38105   7.20462   7.03709   6.87818
   6.72760   6.58504   6.45018   6.32265   6.20211   6.08819   5.98053   5.87875
   5.78251   5.69143   5.60517   5.52339   5.44576   5.37197   5.30170   5.23467
   5.17060   5.10923   5.05031   4.99361   4.93892   4.88603   4.83475   4.78491
   4.73635   4.68892   4.64250   4.59695   4.55217   4.50805   4.46451   4.42147
   4.37885   4.33660   4.29467   4.25299   4.21155   4.17029   4.12920   4.08825
   4.04742   4.00670   3.96609   3.92557   3.88514   3.84481   3.80457   3.76444
   3.72441   3.68450   3.64472   3.60507   3.56558   3.52624   3.48709   3.44812
   3.40935
  
   1.00000   0.98517   0.94292   0.87904   0.80083   0.71526   0.62799   0.54311
   0.46334   0.39025   0.32461   0.26660   0.21603   0.17246   0.13533   0.10399
   0.07780   0.05612   0.03835   0.02395   0.01242   0.00330  -0.00377  -0.00916
  -0.01315  -0.01598  -0.01789  -0.01905  -0.01961  -0.01970  -0.01943  -0.01889
  -0.01814  -0.01726  -0.01628  -0.01525  -0.01419  -0.01314  -0.01209  -0.01108
  -0.01011  -0.00919  -0.00832  -0.00751  -0.00675  -0.00604  -0.00539  -0.00480
  -0.00425  -0.00376  -0.00331  -0.00290  -0.00253  -0.00220  -0.00190  -0.00164
  -0.00140  -0.00119  -0.00100  -0.00083  -0.00069  -0.00056  -0.00045  -0.00035
  -0.00026  -0.00019  -0.00012  -0.00007  -0.00002   0.00002   0.00005   0.00008
   0.00011   0.00012   0.00014   0.00015   0.00016   0.00017   0.00018   0.00018
   0.00018   0.00018   0.00018   0.00018   0.00018   0.00017   0.00017   0.00017
   0.00016   0.00016   0.00015   0.00015   0.00014   0.00014   0.00013   0.00013
   0.00012   0.00012   0.00011   0.00011   0.00011   0.00010   0.00010   0.00009
   0.00009   0.00008   0.00008   0.00008   0.00007   0.00007   0.00007   0.00006
   0.00006   0.00006   0.00005   0.00005   0.00005   0.00005   0.00004   0.00004
   0.00004
 
   1.00000   0.67177   0.18191  -0.02285  -0.03526  -0.00458   0.01538   0.01997
   0.01607   0.00969   0.00401   0.00017  -0.00181  -0.00234  -0.00194  -0.00106
  -0.00002   0.00094   0.00171   0.00224   0.00252   0.00260   0.00250   0.00228
   0.00198   0.00165   0.00130   0.00097   0.00067   0.00041   0.00020   0.00004
  -0.00007  -0.00014  -0.00017  -0.00017  -0.00014  -0.00010  -0.00004   0.00003
   0.00011   0.00018   0.00026   0.00033   0.00039   0.00044   0.00049   0.00053
   0.00056   0.00058   0.00059   0.00059   0.00058   0.00057   0.00056   0.00054
   0.00051   0.00048   0.00045   0.00042   0.00039   0.00035   0.00032   0.00028
   0.00025   0.00022   0.00019   0.00016   0.00014   0.00011   0.00009   0.00007
   0.00005   0.00004   0.00002   0.00001   0.00000  -0.00001  -0.00001  -0.00002
  -0.00002  -0.00002  -0.00002  -0.00002  -0.00002  -0.00001  -0.00001   0.00000
   0.00000   0.00001   0.00002   0.00002   0.00003   0.00004   0.00005   0.00005
   0.00006   0.00007   0.00008   0.00008   0.00009   0.00010   0.00010   0.00011
   0.00012   0.00012   0.00013   0.00013   0.00014   0.00014   0.00014   0.00015
   0.00015   0.00015   0.00016   0.00016   0.00016   0.00016   0.00016   0.00016
   0.00016