Core subshells:
  1s   2s   2p-  2p   3s   3p-  3p   3d-  3d   4s   4p-  4p   4d-  4d   5s   5p-  5p 

Valence subshells:
  4f-  4f   6s 

Populations:

        2.0000000000        2.0000000000        2.0000000000        4.0000000000
        2.0000000000        2.0000000000        4.0000000000        4.0000000000
        6.0000000000        2.0000000000        2.0000000000        4.0000000000
        4.0000000000        6.0000000000        2.0000000000        2.0000000000
        4.0000000000        3.2535156466        3.7464843534        2.0000000000

  63.00000  61.55200  58.52785  55.24745  51.87487  48.47539  45.20760  42.18967
  39.46004  37.00237  34.77819  32.74844  30.88286  29.16163  27.57334  26.11179
  24.77308  23.55359  22.44863  21.45199  20.55587  19.75115  19.02787  18.37566
  17.78422  17.24368  16.74490  16.27968  15.84086  15.42236  15.01922  14.62746
  14.24408  13.86693  13.49456  13.12616  12.76142  12.40041  12.04352  11.69134
  11.34463  11.00419  10.67088  10.34551  10.02889   9.72170   9.42458   9.13805
   8.86251   8.59828   8.34555   8.10443   7.87491   7.65691   7.45027   7.25475
   7.07004   6.89581   6.73165   6.57715   6.43184   6.29526   6.16691   6.04631
   5.93296   5.82637   5.72606   5.63157   5.54242   5.45819   5.37846   5.30281
   5.23088   5.16231   5.09675   5.03390   4.97346   4.91517   4.85878   4.80405
   4.75079   4.69881   4.64793   4.59800   4.54889   4.50048   4.45266   4.40534
   4.35843   4.31188   4.26561   4.21959   4.17378   4.12814   4.08264   4.03728
   3.99204   3.94691   3.90189   3.85698   3.81219   3.76753   3.72301   3.67863
   3.63442   3.59039   3.54656   3.50295   3.45957   3.41645   3.37360   3.33104
   3.28880   3.24689   3.20532   3.16413   3.12332   3.08291   3.04291   3.00335
   2.96424
  
  54.00000  53.40823  51.76200  49.38548  46.65971  43.89988  41.29914  38.93521
  36.80838  34.88214  33.11249  31.46329  29.91134  28.44538  27.06258  25.76472
  24.55499  23.43587  22.40790  21.46924  20.61576  19.84137  19.13864  18.49927
  17.91466  17.37633  16.87628  16.40722  15.96273  15.53732  15.12648  14.72661
  14.33500  13.94968  13.56938  13.19340  12.82150  12.45380  12.09072  11.73286
  11.38097  11.03584  10.69829  10.36914  10.04914   9.73897   9.43921   9.15035
   8.87278   8.60679   8.35253   8.11008   7.87943   7.66046   7.45299   7.25677
   7.07147   6.89674   6.73218   6.57734   6.43175   6.29494   6.16642   6.04567
   5.93221   5.82554   5.72517   5.63062   5.54145   5.45720   5.37746   5.30182
   5.22989   5.16132   5.09578   5.03295   4.97253   4.91426   4.85788   4.80318
   4.74994   4.69797   4.64711   4.59721   4.54812   4.49972   4.45192   4.40461
   4.35772   4.31118   4.26493   4.21893   4.17313   4.12750   4.08202   4.03667
   3.99144   3.94632   3.90132   3.85642   3.81164   3.76699   3.72248   3.67811
   3.63391   3.58990   3.54608   3.50247   3.45911   3.41600   3.37316   3.33061
   3.28838   3.24648   3.20493   3.16374   3.12294   3.08254   3.04256   3.00301
   2.96390
  
   1.00000   0.98100   0.92738   0.84777   0.75272   0.65187   0.55253   0.45949
   0.37546   0.30162   0.23810   0.18442   0.13974   0.10307   0.07336   0.04960
   0.03085   0.01628   0.00515  -0.00318  -0.00925  -0.01352  -0.01635  -0.01807
  -0.01893  -0.01914  -0.01887  -0.01824  -0.01738  -0.01635  -0.01523  -0.01406
  -0.01288  -0.01173  -0.01062  -0.00956  -0.00856  -0.00763  -0.00677  -0.00598
  -0.00526  -0.00461  -0.00403  -0.00350  -0.00302  -0.00260  -0.00223  -0.00190
  -0.00161  -0.00135  -0.00113  -0.00093  -0.00076  -0.00061  -0.00049  -0.00038
  -0.00028  -0.00020  -0.00014  -0.00008  -0.00003   0.00001   0.00004   0.00007
   0.00009   0.00011   0.00012   0.00013   0.00014   0.00015   0.00015   0.00015
   0.00015   0.00015   0.00015   0.00015   0.00015   0.00014   0.00014   0.00013
   0.00013   0.00013   0.00012   0.00012   0.00011   0.00011   0.00010   0.00010
   0.00009   0.00009   0.00009   0.00008   0.00008   0.00007   0.00007   0.00007
   0.00006   0.00006   0.00006   0.00005   0.00005   0.00005   0.00005   0.00004
   0.00004   0.00004   0.00004   0.00004   0.00003   0.00003   0.00003   0.00003
   0.00003   0.00002   0.00002   0.00002   0.00002   0.00002   0.00002   0.00002
   0.00002
  
   1.00000   0.63839   0.13708  -0.03620  -0.02694   0.00621   0.02039   0.01901
   0.01171   0.00445  -0.00049  -0.00289  -0.00335  -0.00263  -0.00138  -0.00006
   0.00107   0.00188   0.00235   0.00252   0.00245   0.00220   0.00185   0.00145
   0.00104   0.00067   0.00034   0.00008  -0.00012  -0.00026  -0.00034  -0.00037
  -0.00036  -0.00032  -0.00025  -0.00017  -0.00008   0.00001   0.00010   0.00018
   0.00026   0.00032   0.00038   0.00042   0.00046   0.00048   0.00049   0.00050
   0.00049   0.00048   0.00046   0.00044   0.00041   0.00038   0.00035   0.00031
   0.00028   0.00025   0.00021   0.00018   0.00015   0.00012   0.00010   0.00007
   0.00005   0.00003   0.00001   0.00000  -0.00001  -0.00002  -0.00003  -0.00004
  -0.00004  -0.00005  -0.00005  -0.00005  -0.00005  -0.00004  -0.00004  -0.00003
  -0.00003  -0.00002  -0.00002  -0.00001   0.00000   0.00000   0.00001   0.00002
   0.00003   0.00003   0.00004   0.00005   0.00005   0.00006   0.00007   0.00007
   0.00008   0.00008   0.00009   0.00009   0.00010   0.00010   0.00010   0.00011
   0.00011   0.00011   0.00011   0.00011   0.00012   0.00012   0.00012   0.00012
   0.00012   0.00012   0.00012   0.00012   0.00012   0.00011   0.00011   0.00011
   0.00011