Core subshells:
  1s 

Valence subshells:
  2s   2p-  2p 

Populations:

        2.0000000000        2.0000000000        2.0000000000        3.0000000000
 
   9.00000   8.81518   8.30097   7.55858   6.70757   5.84947   5.05214   4.35099
   3.75754   3.26859   2.87332   2.55793   2.30832   2.11150   1.95623   1.83311
   1.73452   1.65437   1.58792   1.53150   1.48234   1.43833   1.39792   1.35999
   1.32373   1.28857   1.25413   1.22018   1.18656   1.15320   1.12008   1.08721
   1.05462   1.02235   0.99046   0.95899   0.92802   0.89757   0.86771   0.83847
   0.80988   0.78198   0.75479   0.72832   0.70259   0.67762   0.65339   0.62992
   0.60720   0.58522   0.56398   0.54347   0.52367   0.50457   0.48615   0.46841
   0.45131   0.43484   0.41900   0.40374   0.38907   0.37495   0.36138   0.34833
   0.33578   0.32372   0.31212   0.30098   0.29027   0.27998   0.27009   0.26059
   0.25145   0.24268   0.23424   0.22614   0.21834   0.21086   0.20366   0.19674
   0.19008   0.18369   0.17754   0.17162   0.16593   0.16046   0.15519   0.15012
   0.14525   0.14056   0.13604   0.13169   0.12750   0.12347   0.11959   0.11585
   0.11224   0.10877   0.10542   0.10220   0.09909   0.09609   0.09320   0.09041
   0.08772   0.08512   0.08261   0.08020   0.07786   0.07561   0.07343   0.07133
   0.06930   0.06734   0.06544   0.06361   0.06184   0.06012   0.05847   0.05687
   0.05532
  
   2.00000   1.99844   1.99377   1.98603   1.97528   1.96160   1.94510   1.92589
   1.90411   1.87990   1.85343   1.82487   1.79439   1.76217   1.72839   1.69324
   1.65689   1.61954   1.58135   1.54249   1.50312   1.46341   1.42348   1.38349
   1.34356   1.30379   1.26431   1.22521   1.18658   1.14849   1.11102   1.07422
   1.03815   1.00285   0.96836   0.93470   0.90192   0.87001   0.83899   0.80888
   0.77967   0.75136   0.72396   0.69744   0.67181   0.64705   0.62314   0.60007
   0.57783   0.55639   0.53573   0.51583   0.49668   0.47825   0.46051   0.44346
   0.42705   0.41129   0.39613   0.38156   0.36757   0.35412   0.34120   0.32879
   0.31687   0.30542   0.29442   0.28386   0.27372   0.26397   0.25461   0.24562
   0.23699   0.22869   0.22073   0.21307   0.20571   0.19865   0.19185   0.18532
   0.17905   0.17302   0.16722   0.16164   0.15628   0.15112   0.14616   0.14138
   0.13679   0.13237   0.12812   0.12402   0.12008   0.11628   0.11262   0.10910
   0.10571   0.10244   0.09929   0.09625   0.09332   0.09050   0.08777   0.08515
   0.08262   0.08017   0.07781   0.07554   0.07334   0.07122   0.06917   0.06719
   0.06528   0.06343   0.06164   0.05992   0.05825   0.05664   0.05508   0.05357
   0.05212
  
   1.00000   0.97795   0.91520   0.82084   0.70708   0.58632   0.46885   0.36185
   0.26932   0.19267   0.13152   0.08440   0.04933   0.02420   0.00701  -0.00400
  -0.01036  -0.01328  -0.01377  -0.01259  -0.01032  -0.00742  -0.00421  -0.00091
   0.00231   0.00535   0.00814   0.01064   0.01285   0.01475   0.01636   0.01770
   0.01878   0.01963   0.02027   0.02073   0.02102   0.02117   0.02120   0.02112
   0.02095   0.02071   0.02040   0.02004   0.01964   0.01921   0.01875   0.01827
   0.01778   0.01727   0.01677   0.01626   0.01576   0.01525   0.01476   0.01427
   0.01379   0.01333   0.01287   0.01243   0.01199   0.01157   0.01117   0.01077
   0.01039   0.01002   0.00966   0.00932   0.00899   0.00867   0.00836   0.00806
   0.00778   0.00750   0.00724   0.00698   0.00674   0.00650   0.00627   0.00606
   0.00585   0.00564   0.00545   0.00526   0.00509   0.00491   0.00475   0.00459
   0.00443   0.00429   0.00415   0.00401   0.00388   0.00375   0.00363   0.00351
   0.00340   0.00329   0.00319   0.00309   0.00299   0.00290   0.00281   0.00272
   0.00264   0.00256   0.00248   0.00241   0.00233   0.00226   0.00220   0.00213
   0.00207   0.00201   0.00195   0.00190   0.00184   0.00179   0.00174   0.00169
   0.00164
  
   1.00000   0.97217   0.89536   0.78618   0.66362   0.54305   0.43387   0.34028
   0.26296   0.20067   0.15137   0.11285   0.08306   0.06019   0.04276   0.02958
   0.01967   0.01228   0.00682   0.00284  -0.00003  -0.00205  -0.00343  -0.00434
  -0.00489  -0.00519  -0.00529  -0.00526  -0.00514  -0.00496  -0.00473  -0.00448
  -0.00422  -0.00395  -0.00369  -0.00343  -0.00319  -0.00296  -0.00274  -0.00253
  -0.00234  -0.00216  -0.00199  -0.00184  -0.00170  -0.00157  -0.00145  -0.00134
  -0.00124  -0.00114  -0.00106  -0.00098  -0.00090  -0.00084  -0.00078  -0.00072
  -0.00067  -0.00062  -0.00058  -0.00053  -0.00050  -0.00046  -0.00043  -0.00040
  -0.00037  -0.00035  -0.00033  -0.00030  -0.00028  -0.00027  -0.00025  -0.00023
  -0.00022  -0.00020  -0.00019  -0.00018  -0.00017  -0.00016  -0.00015  -0.00014
  -0.00013  -0.00012  -0.00012  -0.00011  -0.00010  -0.00010  -0.00009  -0.00009
  -0.00008  -0.00008  -0.00007  -0.00007  -0.00007  -0.00006  -0.00006  -0.00006
  -0.00005  -0.00005  -0.00005  -0.00005  -0.00004  -0.00004  -0.00004  -0.00004
  -0.00004  -0.00003  -0.00003  -0.00003  -0.00003  -0.00003  -0.00003  -0.00002
  -0.00002  -0.00002  -0.00002  -0.00002  -0.00002  -0.00002  -0.00002  -0.00002
  -0.00002