Core subshells:
  1s   2s   2p-  2p   3s   3p-  3p 

Valence  subshells:
  3d-  3d   4s 

Populations:
  
        2.0000000000        2.0000000000        2.0000000000        4.0000000000
        2.0000000000        2.0000000000        4.0000000000        2.8477328367
        3.1522671633        2.0000000000

  26.00000  25.30369  23.68255  21.84282  20.06675  18.37640  16.76515  15.24966
  13.85589  12.60447  11.50523  10.55744   9.75219   9.07533   8.50991   8.03821
   7.64307   7.30883   7.02171   6.77010   6.54444   6.33717   6.14245   5.95594
   5.77457   5.59626   5.41974   5.24436   5.06992   4.89655   4.72460   4.55453
   4.38691   4.22230   4.06126   3.90429   3.75185   3.60434   3.46207   3.32531
   3.19421   3.06891   2.94946   2.83586   2.72807   2.62599   2.52951   2.43848
   2.35273   2.27205   2.19625   2.12510   2.05839   1.99589   1.93737   1.88260
   1.83136   1.78344   1.73862   1.69670   1.65748   1.62078   1.58641   1.55420
   1.52399   1.49563   1.46897   1.44388   1.42024   1.39792   1.37682   1.35683
   1.33785   1.31980   1.30260   1.28617   1.27044   1.25535   1.24084   1.22685
   1.21333   1.20025   1.18755   1.17520   1.16317   1.15142   1.13993   1.12868
   1.11763   1.10676   1.09607   1.08553   1.07513   1.06485   1.05468   1.04461
   1.03464   1.02475   1.01494   1.00520   0.99553   0.98592   0.97636   0.96686
   0.95741   0.94801   0.93866   0.92936   0.92010   0.91088   0.90171   0.89259
   0.88351   0.87447   0.86547   0.85653   0.84762   0.83877   0.82996   0.82120
   0.81249
  
  18.00000  17.86555  17.47411  16.85921  16.07024  15.16465  14.20014  13.22832
  12.29064  11.41674  10.62469   9.92249   9.31027   8.78256   8.33041   7.94311
   7.60951   7.31893   7.06171   6.82951   6.61544   6.41397   6.22091   6.03315
   5.84856   5.66579   5.48409   5.30320   5.12320   4.94440   4.76728   4.59239
   4.42032   4.25165   4.08695   3.92672   3.77138   3.62130   3.47678   3.33804
   3.20523   3.07844   2.95769   2.84297   2.73422   2.63131   2.53412   2.44248
   2.35620   2.27507   2.19889   2.12741   2.06042   1.99767   1.93894   1.88399
   1.83260   1.78454   1.73960   1.69758   1.65826   1.62148   1.58703   1.55475
   1.52448   1.49607   1.46936   1.44423   1.42054   1.39818   1.37704   1.35701
   1.33800   1.31992   1.30269   1.28623   1.27047   1.25535   1.24081   1.22679
   1.21325   1.20014   1.18742   1.17506   1.16300   1.15124   1.13973   1.12845
   1.11739   1.10651   1.09580   1.08524   1.07482   1.06453   1.05435   1.04427
   1.03429   1.02439   1.01457   1.00482   0.99514   0.98552   0.97595   0.96645
   0.95699   0.94759   0.93823   0.92892   0.91966   0.91044   0.90126   0.89213
   0.88305   0.87401   0.86501   0.85606   0.84716   0.83830   0.82950   0.82074
   0.81202

   1.00000   0.97275   0.89745   0.78997   0.66844   0.54759   0.43676   0.34048
   0.25994   0.19440   0.14217   0.10126   0.06969   0.04568   0.02767   0.01439
   0.00477  -0.00202  -0.00667  -0.00970  -0.01152  -0.01246  -0.01277  -0.01264
  -0.01220  -0.01156  -0.01080  -0.00998  -0.00915  -0.00832  -0.00753  -0.00678
  -0.00607  -0.00542  -0.00483  -0.00429  -0.00380  -0.00336  -0.00297  -0.00261
  -0.00230  -0.00202  -0.00178  -0.00156  -0.00136  -0.00119  -0.00104  -0.00091
  -0.00079  -0.00069  -0.00060  -0.00052  -0.00045  -0.00039  -0.00034  -0.00029
  -0.00025  -0.00022  -0.00018  -0.00016  -0.00013  -0.00011  -0.00009  -0.00008
  -0.00006  -0.00005  -0.00004  -0.00003  -0.00002  -0.00002  -0.00001  -0.00001
   0.00000   0.00000   0.00001   0.00001   0.00001   0.00001   0.00001   0.00001
   0.00002   0.00002   0.00002   0.00002   0.00002   0.00002   0.00002   0.00002
   0.00002   0.00002   0.00002   0.00002   0.00002   0.00002   0.00002   0.00002
   0.00002   0.00002   0.00001   0.00001   0.00001   0.00001   0.00001   0.00001
   0.00001   0.00001   0.00001   0.00001   0.00001   0.00001   0.00001   0.00001
   0.00001   0.00001   0.00001   0.00001   0.00001   0.00001   0.00001   0.00001
   0.00001
  
   1.00000   0.80080   0.41187   0.12189  -0.00706  -0.03689  -0.02778  -0.01078
   0.00280   0.01067   0.01376   0.01369   0.01189   0.00936   0.00674   0.00439
   0.00246   0.00101   0.00000  -0.00062  -0.00094  -0.00101  -0.00091  -0.00069
  -0.00041  -0.00009   0.00023   0.00053   0.00081   0.00105   0.00125   0.00140
   0.00152   0.00160   0.00164   0.00165   0.00164   0.00160   0.00155   0.00148
   0.00139   0.00131   0.00121   0.00111   0.00102   0.00092   0.00083   0.00073
   0.00065   0.00056   0.00049   0.00041   0.00035   0.00029   0.00023   0.00018
   0.00014   0.00010   0.00006   0.00003   0.00001  -0.00001  -0.00003  -0.00005
  -0.00006  -0.00007  -0.00007  -0.00008  -0.00008  -0.00008  -0.00008  -0.00007
  -0.00007  -0.00006  -0.00006  -0.00005  -0.00004  -0.00004  -0.00003  -0.00002
  -0.00001   0.00000   0.00001   0.00002   0.00003   0.00004   0.00005   0.00006
   0.00007   0.00008   0.00008   0.00009   0.00010   0.00011   0.00012   0.00012
   0.00013   0.00014   0.00014   0.00015   0.00015   0.00016   0.00016   0.00017
   0.00017   0.00018   0.00018   0.00019   0.00019   0.00019   0.00020   0.00020
   0.00020   0.00020   0.00021   0.00021   0.00021   0.00021   0.00021   0.00021
   0.00021