Core subshells:                                                                  
  1s   2s   2p-  2p   3s   3p-  3p   3d-  3d                                
                                                                                 
Valence subshells:                                                               
  4s   4p-                                                                         
                                                                                 
Populations:                                                             
                                                                         
        2.0000000000        2.0000000000        2.0000000000        4.0000000000 
        2.0000000000        2.0000000000        4.0000000000        4.0000000000 
        6.0000000000        2.0000000000        1.0000000000 
                                                                                                                                                                                  
  31.00000  30.30764  28.67525  26.78288  24.93462  23.17401  21.48133  19.84672
  18.27832  16.79347  15.41002  14.14153  12.99553  11.97368  11.07272  10.28577
   9.60349   9.01517   8.50951   8.07533   7.70190   7.37936   7.09876   6.85224
   6.63298   6.43518   6.25401   6.08550   5.92644   5.77431   5.62716   5.48354
   5.34241   5.20303   5.06499   4.92802   4.79208   4.65720   4.52353   4.39126
   4.26064   4.13192   4.00536   3.88121   3.75971   3.64108   3.52552   3.41319
   3.30423   3.19877   3.09688   2.99862   2.90403   2.81313   2.72590   2.64232
   2.56234   2.48591   2.41296   2.34339   2.27713   2.21407   2.15411   2.09714
   2.04304   1.99170   1.94300   1.89684   1.85308   1.81162   1.77234   1.73513
   1.69988   1.66649   1.63485   1.60487   1.57644   1.54948   1.52389   1.49960
   1.47652   1.45458   1.43369   1.41380   1.39484   1.37674   1.35944   1.34289
   1.32704   1.31184   1.29723   1.28318   1.26965   1.25660   1.24399   1.23179
   1.21996   1.20848   1.19733   1.18647   1.17588   1.16555   1.15545   1.14555
   1.13586   1.12634   1.11699   1.10779   1.09873   1.08980   1.08098   1.07228
   1.06367   1.05515   1.04672   1.03837   1.03009   1.02187   1.01372   1.00562
   0.99758
  
  28.00000  27.76861  27.09798  26.05217  24.72056  23.20015  21.58193  19.94245
  18.34120  16.82073  15.40895  14.12174  12.96574  11.94027  11.04002  10.25649
   9.57894   8.99574   8.49500   8.06519   7.69547   7.37592   7.09759   6.85263
   6.63446   6.43727   6.25632   6.08770   5.92840   5.77581   5.62812   5.48392
   5.34226   5.20221   5.06360   4.92620   4.78978   4.65445   4.52048   4.38788
   4.25704   4.12816   4.00154   3.87732   3.75577   3.63718   3.52164   3.40941
   3.30060   3.19531   3.09350   2.99541   2.90096   2.81024   2.72322   2.63975
   2.55997   2.48370   2.41097   2.34157   2.27540   2.21254   2.15269   2.09591
   2.04189   1.99071   1.94214   1.89606   1.85244   1.81106   1.77181   1.73467
   1.69952   1.66617   1.63459   1.60469   1.57626   1.54933   1.52379   1.49955
   1.47655   1.45459   1.43370   1.41381   1.39486   1.37679   1.35952   1.34301
   1.32710   1.31194   1.29729   1.28329   1.26972   1.25663   1.24399   1.23185
   1.22000   1.20849   1.19731   1.18643   1.17583   1.16547   1.15545   1.14554
   1.13583   1.12630   1.11693   1.10772   1.09865   1.08970   1.08088   1.07216
   1.06345   1.05492   1.04648   1.03812   1.02984   1.02162   1.01346   1.00536
   0.99731

   1.00000   0.87931   0.59870   0.31093   0.10846   0.00154  -0.03806  -0.04143
  -0.03003  -0.01558  -0.00325   0.00539   0.01044   0.01264   0.01284   0.01180
   0.01010   0.00813   0.00617   0.00438   0.00284   0.00159   0.00063  -0.00007
  -0.00054  -0.00081  -0.00093  -0.00092  -0.00082  -0.00065  -0.00044  -0.00021
   0.00003   0.00027   0.00049   0.00070   0.00089   0.00105   0.00119   0.00130
   0.00138   0.00145   0.00149   0.00151   0.00151   0.00150   0.00147   0.00143
   0.00138   0.00133   0.00127   0.00120   0.00113   0.00106   0.00098   0.00091
   0.00084   0.00077   0.00070   0.00063   0.00057   0.00051   0.00045   0.00039
   0.00034   0.00029   0.00025   0.00021   0.00017   0.00014   0.00011   0.00008
   0.00005   0.00003   0.00001   0.00000  -0.00002  -0.00003  -0.00004  -0.00005
  -0.00006  -0.00006  -0.00006  -0.00007  -0.00007  -0.00007  -0.00007  -0.00006
  -0.00006  -0.00006  -0.00005  -0.00005  -0.00004  -0.00004  -0.00003  -0.00002
  -0.00002  -0.00001   0.00000   0.00001   0.00001   0.00002   0.00003   0.00004
   0.00004   0.00005   0.00006   0.00006   0.00007   0.00008   0.00009   0.00009
   0.00010   0.00010   0.00011   0.00012   0.00012   0.00013   0.00013   0.00014
   0.00014 

   1.00000   0.78039   0.37989   0.10885  -0.00285  -0.02924  -0.02447  -0.01286
  -0.00278   0.00392   0.00755   0.00897   0.00897   0.00816   0.00696   0.00564
   0.00436   0.00320   0.00221   0.00140   0.00077   0.00029  -0.00005  -0.00027
  -0.00040  -0.00045  -0.00045  -0.00040  -0.00032  -0.00022  -0.00011   0.00001
   0.00013   0.00025   0.00035   0.00045   0.00054   0.00062   0.00069   0.00075
   0.00079   0.00083   0.00086   0.00088   0.00089   0.00089   0.00089   0.00088
   0.00087   0.00086   0.00084   0.00081   0.00079   0.00076   0.00073   0.00070
   0.00067   0.00064   0.00061   0.00058   0.00055   0.00052   0.00050   0.00047
   0.00044   0.00041   0.00039   0.00036   0.00034   0.00032   0.00030   0.00027
   0.00025   0.00024   0.00022   0.00020   0.00019   0.00017   0.00016   0.00014
   0.00013   0.00012   0.00011   0.00010   0.00009   0.00008   0.00007   0.00006
   0.00005   0.00005   0.00004   0.00003   0.00003   0.00002   0.00002   0.00001
   0.00001   0.00001   0.00000   0.00000   0.00000  -0.00001  -0.00001  -0.00001
  -0.00001  -0.00002  -0.00002  -0.00002  -0.00002  -0.00002  -0.00002  -0.00002
  -0.00002  -0.00003  -0.00003  -0.00003  -0.00003  -0.00003  -0.00003  -0.00003
  -0.00003