Core subshells:
  1s   2s   2p-  2p   3s   3p-  3p   3d-  3d   4s   4p-  4p   4d-  4d   5s   5p-  5p 

Valence subshells:
  4f-  4f   5d-  5d   6s 

Populations:

        2.0000000000        2.0000000000        2.0000000000        4.0000000000
        2.0000000000        2.0000000000        4.0000000000        4.0000000000
        6.0000000000        2.0000000000        2.0000000000        4.0000000000
        4.0000000000        6.0000000000        2.0000000000        2.0000000000
        4.0000000000        3.4731690795        3.5268309205        0.9289610206
        0.0710389794        2.0000000000
  
  63.99997  62.66267  59.82540  56.73472  53.56605  50.34812  47.20699  44.25444
  41.53754  39.05192  36.76905  34.65671  32.68912  30.84972  29.12996  27.52662
  26.03914  24.66746  23.41063  22.26605  21.22925  20.29402  19.45267  18.69649
  18.01618  17.40223  16.84530  16.33650  15.86760  15.43118  15.02069  14.63057
  14.25612  13.89357  13.53997  13.19311  12.85142  12.51394  12.18015  11.84993
  11.52346  11.20116  10.88361  10.57146  10.26546   9.96633   9.67480   9.39152
   9.11710   8.85203   8.59676   8.35159   8.11677   7.89242   7.67859   7.47524
   7.28224   7.09942   6.92651   6.76323   6.60922   6.46411   6.32748   6.19890
   6.07793   5.96413   5.85702   5.75617   5.66112   5.57144   5.48670   5.40650
   5.33045   5.25818   5.18932   5.12356   5.06057   5.00007   4.94179   4.88548
   4.83091   4.77787   4.72618   4.67565   4.62614   4.57749   4.52960   4.48234
   4.43563   4.38937   4.34350   4.29795   4.25267   4.20761   4.16275   4.11805
   4.07348   4.02905   3.98472   3.94051   3.89640   3.85241   3.80852   3.76476
   3.72114   3.67766   3.63434   3.59119   3.54824   3.50549   3.46297   3.42069
   3.37868   3.33694   3.29551   3.25438   3.21360   3.17316   3.13309   3.09340
   3.05410
  
  55.99997  54.74313  52.13868  49.41009  46.70142  44.00829  41.42658  39.04326
  36.88676  34.93983  33.16600  31.52890  30.00124  28.56662  27.21753  25.95212
  24.77119  23.67590  22.66630  21.74071  20.89551  20.12541  19.42378  18.78317
  18.19574  17.65368  17.14951  16.67637  16.22813  15.79950  15.38605  14.98423
  14.59126  14.20512  13.82443  13.44834  13.07650  12.70890  12.34582  11.98776
  11.63535  11.28932  10.95043  10.61945  10.29708   9.98400   9.68081   9.38800
   9.10599   8.83510   8.57553   8.32741   8.09077   7.86557   7.65166   7.44886
   7.25691   7.07549   6.90425   6.74279   6.59070   6.44754   6.31284   6.18614
   6.06696   5.95483   5.84929   5.74986   5.65611   5.56760   5.48390   5.40462
   5.32937   5.25778   5.18952   5.12426   5.06170   5.00156   4.94357   4.88749
   4.83311   4.78022   4.72863   4.67818   4.62872   4.58011   4.53223   4.48497
   4.43824   4.39196   4.34606   4.30047   4.25515   4.21005   4.16513   4.12038
   4.07576   4.03127   3.98689   3.94263   3.89846   3.85441   3.81047   3.76666
   3.72298   3.67945   3.63607   3.59287   3.54987   3.50707   3.46450   3.42218
   3.38011   3.33833   3.29685   3.25568   3.21485   3.17437   3.13425   3.09452
   3.05519
  
   1.00000   0.99138   0.96640   0.92735   0.87730   0.81934   0.75622   0.69023
   0.62315   0.55640   0.49109   0.42810   0.36811   0.31167   0.25920   0.21099
   0.16723   0.12801   0.09332   0.06308   0.03714   0.01526  -0.00280  -0.01736
  -0.02874  -0.03728  -0.04332  -0.04721  -0.04927  -0.04981  -0.04912  -0.04746
  -0.04505  -0.04212  -0.03883  -0.03534  -0.03177  -0.02822  -0.02478  -0.02150
  -0.01843  -0.01559  -0.01301  -0.01070  -0.00864  -0.00684  -0.00528  -0.00395
  -0.00282  -0.00188  -0.00111  -0.00049   0.00000   0.00038   0.00067   0.00087
   0.00101   0.00109   0.00113   0.00114   0.00112   0.00108   0.00103   0.00097
   0.00091   0.00084   0.00077   0.00071   0.00065   0.00059   0.00054   0.00049
   0.00044   0.00040   0.00037   0.00034   0.00031   0.00029   0.00027   0.00025
   0.00023   0.00022   0.00021   0.00020   0.00019   0.00018   0.00017   0.00016
   0.00016   0.00015   0.00014   0.00014   0.00013   0.00013   0.00012   0.00012
   0.00011   0.00011   0.00010   0.00010   0.00010   0.00009   0.00009   0.00008
   0.00008   0.00008   0.00007   0.00007   0.00006   0.00006   0.00006   0.00006
   0.00005   0.00005   0.00005   0.00004   0.00004   0.00004   0.00004   0.00004
   0.00003
  
   1.00000   0.97987   0.92194   0.83315   0.72353   0.60448   0.48686   0.37958
   0.28873   0.21727   0.16540   0.13114   0.11113   0.10140   0.09802   0.09756
   0.09732   0.09549   0.09107   0.08375   0.07378   0.06175   0.04848   0.03483
   0.02160   0.00949  -0.00096  -0.00939  -0.01563  -0.01963  -0.02151  -0.02147
  -0.01977  -0.01672  -0.01265  -0.00788  -0.00272   0.00257   0.00776   0.01264
   0.01709   0.02099   0.02427   0.02691   0.02888   0.03022   0.03096   0.03114
   0.03083   0.03009   0.02899   0.02760   0.02597   0.02418   0.02226   0.02029
   0.01828   0.01630   0.01435   0.01247   0.01069   0.00900   0.00743   0.00597
   0.00464   0.00342   0.00233   0.00135   0.00048  -0.00028  -0.00095  -0.00153
  -0.00202  -0.00244  -0.00279  -0.00308  -0.00332  -0.00351  -0.00365  -0.00376
  -0.00384  -0.00388  -0.00391  -0.00391  -0.00390  -0.00387  -0.00383  -0.00377
  -0.00371  -0.00365  -0.00357  -0.00350  -0.00342  -0.00333  -0.00325  -0.00316
  -0.00308  -0.00299  -0.00290  -0.00282  -0.00273  -0.00264  -0.00256  -0.00248
  -0.00240  -0.00232  -0.00224  -0.00216  -0.00209  -0.00201  -0.00194  -0.00187
  -0.00180  -0.00174  -0.00167  -0.00161  -0.00155  -0.00149  -0.00143  -0.00137
  -0.00132