Core subshells:                                                                  
  1s   2s   2p-  2p   3s   3p-  3p   3d-  3d                                  
                                                                                 
Valence subshells:                                                           
  4s   4p-  4p 

Populations:                                                             
                                                                   
        2.0000000000        2.0000000000        2.0000000000        4.0000000000 
        2.0000000000        2.0000000000        4.0000000000        4.0000000000 
        6.0000000000        2.0000000000        1.4410029661        0.5589970339 
                                                                                
  32.00000  31.28690  29.55458  27.51498  25.56690  23.78670  22.13215  20.55835
  19.04649  17.59890  16.22803  14.94812  13.77059  12.70216  11.74474  10.89599
  10.15037   9.50008   8.93599   8.44831   8.02724   7.66327   7.34757   7.07205
   6.82954   6.61372   6.41922   6.24145   6.07662   5.92163   5.77398   5.63173
   5.49336   5.35778   5.22418   5.09203   4.96101   4.83096   4.70186   4.57378
   4.44684   4.32125   4.19720   4.07493   3.95467   3.83663   3.72103   3.60807
   3.49792   3.39072   3.28661   3.18569   3.08804   2.99371   2.90275   2.81517
   2.73097   2.65013   2.57261   2.49838   2.42736   2.35950   2.29472   2.23293
   2.17404   2.11795   2.06458   2.01382   1.96556   1.91970   1.87614   1.83478
   1.79551   1.75823   1.72285   1.68927   1.65739   1.62713   1.59839   1.57109
   1.54515   1.52048   1.49702   1.47469   1.45342   1.43315   1.41381   1.39534
   1.37768   1.36079   1.34461   1.32910   1.31420   1.29988   1.28610   1.27281
   1.25999   1.24759   1.23559   1.22396   1.21268   1.20170   1.19103   1.18062
   1.17046   1.16053   1.15081   1.14129   1.13195   1.12278   1.11376   1.10489
   1.09614   1.08751   1.07900   1.07058   1.06227   1.05403   1.04588   1.03781
   1.02980
  
  28.00000  27.80195  27.22384  26.31045  25.12663  23.74740  22.24809  20.69642
  19.14969  17.65249  16.23698  14.92445  13.72696  12.64917  11.69014  10.84485
  10.10560   9.46312   8.90690   8.42677   8.01220   7.65388   7.34251   7.07050
   6.83035   6.61617   6.42260   6.24525   6.08018   5.92481   5.77652   5.63340
   5.49423   5.35769   5.22310   5.09012   4.95815   4.82745   4.69756   4.56896
   4.44159   4.31550   4.19110   4.06867   3.94824   3.83003   3.71440   3.60151
   3.49146   3.38438   3.28039   3.17970   3.08228   2.98823   2.89756   2.81010
   2.72629   2.64562   2.56836   2.49444   2.42364   2.35609   2.29151   2.22998
   2.17134   2.11545   2.06234   2.01166   1.96366   1.91796   1.87462   1.83336
   1.79431   1.75706   1.72189   1.68838   1.65661   1.62649   1.59783   1.57062
   1.54477   1.52020   1.49679   1.47442   1.45322   1.43299   1.41363   1.39532
   1.37763   1.36074   1.34459   1.32917   1.31417   1.29994   1.28615   1.27284
   1.26001   1.24755   1.23570   1.22401   1.21266   1.20171   1.19096   1.18071
   1.17043   1.16053   1.15078   1.14126   1.13195   1.12275   1.11368   1.10478
   1.09604   1.08739   1.07887   1.07041   1.06217   1.05389   1.04576   1.03758
   1.02960

   1.00000   0.90259   0.66354   0.39322   0.17640   0.04097  -0.02445  -0.04407
  -0.03967  -0.02598  -0.01119   0.00095   0.00931   0.01409   0.01600   0.01588
   0.01446   0.01235   0.00996   0.00759   0.00542   0.00355   0.00201   0.00081
  -0.00007  -0.00067  -0.00103  -0.00120  -0.00121  -0.00110  -0.00091  -0.00066
  -0.00037  -0.00007   0.00023   0.00053   0.00080   0.00105   0.00127   0.00146
   0.00162   0.00174   0.00184   0.00191   0.00196   0.00198   0.00197   0.00196
   0.00192   0.00187   0.00181   0.00174   0.00166   0.00157   0.00149   0.00139
   0.00130   0.00121   0.00112   0.00103   0.00094   0.00085   0.00077   0.00069
   0.00062   0.00055   0.00048   0.00042   0.00036   0.00031   0.00026   0.00021
   0.00017   0.00013   0.00010   0.00007   0.00004   0.00001  -0.00001  -0.00002
  -0.00004  -0.00005  -0.00006  -0.00007  -0.00008  -0.00008  -0.00009  -0.00009
  -0.00009  -0.00009  -0.00008  -0.00008  -0.00007  -0.00007  -0.00006  -0.00006
  -0.00005  -0.00004  -0.00003  -0.00002  -0.00002  -0.00001   0.00000   0.00001
   0.00002   0.00003   0.00004   0.00005   0.00006   0.00007   0.00008   0.00009
   0.00009   0.00010   0.00011   0.00012   0.00013   0.00014   0.00014   0.00015
   0.00016

   1.00000   0.83988   0.50182   0.20907   0.04373  -0.02137  -0.03349  -0.02496
  -0.01193  -0.00082   0.00670   0.01086   0.01248   0.01239   0.01129   0.00968
   0.00790   0.00615   0.00456   0.00319   0.00206   0.00116   0.00047  -0.00002
  -0.00035  -0.00055  -0.00065  -0.00065  -0.00060  -0.00049  -0.00036  -0.00020
  -0.00004   0.00013   0.00030   0.00045   0.00060   0.00073   0.00085   0.00096
   0.00105   0.00113   0.00119   0.00124   0.00127   0.00129   0.00131   0.00131
   0.00131   0.00130   0.00128   0.00126   0.00123   0.00119   0.00116   0.00112
   0.00108   0.00104   0.00100   0.00095   0.00091   0.00087   0.00083   0.00078
   0.00074   0.00070   0.00066   0.00062   0.00059   0.00055   0.00051   0.00048
   0.00045   0.00042   0.00039   0.00036   0.00034   0.00031   0.00029   0.00026
   0.00024   0.00022   0.00020   0.00019   0.00017   0.00015   0.00014   0.00012
   0.00011   0.00010   0.00009   0.00008   0.00007   0.00006   0.00005   0.00004
   0.00003   0.00003   0.00002   0.00001   0.00001   0.00000   0.00000  -0.00001
  -0.00001  -0.00002  -0.00002  -0.00002  -0.00002  -0.00003  -0.00003  -0.00003
  -0.00003  -0.00004  -0.00004  -0.00004  -0.00004  -0.00004  -0.00004  -0.00004
  -0.00004