Core subshells:                                                                  
  1s   2s   2p-  2p   3s   3p-  3p   3d-  3d   4s   4p-  4p   4d-  4d   5s   5p- 
  4f-  4f 
                                                                                    
Valence subshells:                                                               
  5d-  5d   6s                                                         
                                                                                 
Populations:                                                             
                                                                    
        2.0000000000        2.0000000000        2.0000000000        4.0000000000 
        2.0000000000        2.0000000000        4.0000000000        4.0000000000 
        6.0000000000        2.0000000000        2.0000000000        4.0000000000 
        4.0000000000        6.0000000000        2.0000000000        2.0000000000 
        4.0000000000        6.0000000000        8.0000000000        1.7877896165 
         .2122103835        2.0000000000                                         
                                                                                 
  72.00000  70.72691  67.76575  64.33548  60.87451  57.43406  54.05124  50.79177
  47.71318  44.84610  42.19573  39.75089  37.49316  35.40327  33.46447  31.66373
  29.99156  28.44115  27.00739  25.68595  24.47257  23.36263  22.35087  21.43137
  20.59755  19.84236  19.15843  18.53827  17.97446  17.45979  16.98745  16.55106
  16.14483  15.76352  15.40253  15.05788  14.72617  14.40459  14.09085  13.78313
  13.48007  13.18068  12.88429  12.59052  12.29922  12.01045  11.72438  11.44132
  11.16165  10.88581  10.61428  10.34752  10.08600   9.83018   9.58047   9.33726
   9.10087   8.87159   8.64967   8.43527   8.22855   8.02957   7.83839   7.65498
   7.47930   7.31127   7.15075   6.99760   6.85163   6.71265   6.58042   6.45471
   6.33526   6.22180   6.11408   6.01180   5.91468   5.82246   5.73485   5.65158
   5.57237   5.49696   5.42510   5.35654   5.29103   5.22835   5.16827   5.11059
   5.05511   5.00163   4.94998   4.89999   4.85151   4.80439   4.75848   4.71367
   4.66984   4.62689   4.58470   4.54320   4.50229   4.46192   4.42200   4.38248
   4.34331   4.30444   4.26583   4.22743   4.18923   4.15120   4.11330   4.07553
   4.03787   4.00031   3.96283   3.92544   3.88814   3.85091   3.81376   3.77670
   3.73973
  
  68.00000  67.44913  65.87710  63.48934  60.54842  57.31539  54.00649  50.77421
  47.70796  44.84745  42.20006  39.75510  37.49451  35.40031  33.45632  31.65067
  29.97424  28.42073  26.98498  25.66286  24.44989  23.34119  22.33139  21.41424
  20.58309  19.83049  19.14911  18.53136  17.96965  17.45684  16.98602  16.55073
  16.14539  15.76466  15.40392  15.05938  14.72760  14.40572  14.09155  13.78333
  13.47974  13.17982  12.88285  12.58849  12.29672  12.00741  11.72081  11.43742
  11.15736  10.88122  10.60946  10.34253  10.08090   9.82497   9.57527   9.33201
   9.09576   8.86649   8.64468   8.43046   8.22394   8.02517   7.83415   7.65097
   7.47556   7.30765   7.14738   6.99443   6.84874   6.71007   6.57805   6.45255
   6.33331   6.22004   6.11247   6.01043   5.91350   5.82139   5.73396   5.65077
   5.57170   5.49646   5.42467   5.35620   5.29081   5.22813   5.16822   5.11057
   5.05513   5.00170   4.95012   4.90019   4.85164   4.80459   4.75876   4.71389
   4.67014   4.62712   4.58501   4.54344   4.50247   4.46216   4.42217   4.38272
   4.34348   4.30467   4.26598   4.22764   4.18936   4.15138   4.11339   4.07567
   4.03792   4.00040   3.96283   3.92549   3.88808   3.85089   3.81378   3.77662
   3.73968
  
   1.00000   0.88887   0.63451   0.37393   0.18080   0.06299   0.00206  -0.02292
  -0.02786  -0.02310  -0.01476  -0.00612   0.00124   0.00677   0.01042   0.01242
   0.01311   0.01282   0.01187   0.01051   0.00894   0.00733   0.00576   0.00433
   0.00307   0.00199   0.00111   0.00042  -0.00009  -0.00045  -0.00067  -0.00078
  -0.00080  -0.00074  -0.00062  -0.00046  -0.00027  -0.00006   0.00016   0.00037
   0.00058   0.00078   0.00097   0.00114   0.00129   0.00142   0.00153   0.00162
   0.00169   0.00175   0.00178   0.00180   0.00181   0.00180   0.00178   0.00175
   0.00171   0.00166   0.00161   0.00155   0.00149   0.00142   0.00135   0.00127
   0.00120   0.00113   0.00105   0.00098   0.00091   0.00084   0.00077   0.00070
   0.00064   0.00057   0.00051   0.00046   0.00040   0.00035   0.00030   0.00026
   0.00021   0.00017   0.00013   0.00010   0.00006   0.00003   0.00001  -0.00002
  -0.00004  -0.00007  -0.00009  -0.00010  -0.00012  -0.00014  -0.00015  -0.00016
  -0.00017  -0.00018  -0.00019  -0.00019  -0.00020  -0.00021  -0.00021  -0.00021
  -0.00021  -0.00022  -0.00022  -0.00022  -0.00022  -0.00022  -0.00022  -0.00021
  -0.00021  -0.00021  -0.00021  -0.00021  -0.00020  -0.00020  -0.00020  -0.00019
  -0.00019
  
   1.00000   0.75000   0.30978   0.04915  -0.01776  -0.00364   0.02030   0.03169
   0.03050   0.02243   0.01260   0.00405  -0.00195  -0.00528  -0.00638  -0.00589
  -0.00445  -0.00259  -0.00068   0.00103   0.00240   0.00338   0.00397   0.00422
   0.00418   0.00392   0.00351   0.00301   0.00247   0.00192   0.00140   0.00093
   0.00052   0.00018  -0.00009  -0.00028  -0.00042  -0.00049  -0.00051  -0.00049
  -0.00044  -0.00035  -0.00025  -0.00014  -0.00002   0.00010   0.00022   0.00034
   0.00044   0.00054   0.00062   0.00070   0.00076   0.00080   0.00084   0.00086
   0.00088   0.00088   0.00087   0.00086   0.00084   0.00081   0.00078   0.00074
   0.00070   0.00066   0.00062   0.00057   0.00053   0.00048   0.00044   0.00040
   0.00036   0.00032   0.00028   0.00025   0.00021   0.00018   0.00016   0.00013
   0.00011   0.00009   0.00008   0.00006   0.00005   0.00004   0.00003   0.00003
   0.00003   0.00002   0.00002   0.00003   0.00003   0.00003   0.00004   0.00004
   0.00005   0.00006   0.00006   0.00007   0.00008   0.00009   0.00010   0.00011
   0.00012   0.00012   0.00013   0.00014   0.00015   0.00016   0.00017   0.00017
   0.00018   0.00019   0.00020   0.00020   0.00021   0.00021   0.00022   0.00022
   0.00023