Core subshells:                                                                  
  1s   2s   2p-  2p   3s   3p-  3p   3d-  3d   4s   4p-  4p   4d-  4d   5s   5p- 
                                                                                 
Valence subshells:                                                               
  5d-  5d   6s                                                                   
                                                                                 
Populations:                                                             
                                                                  
        2.0000000000        2.0000000000        2.0000000000        4.0000000000 
        2.0000000000        2.0000000000        4.0000000000        4.0000000000 
        6.0000000000        2.0000000000        2.0000000000        4.0000000000 
        4.0000000000        6.0000000000        2.0000000000        2.0000000000 
        4.0000000000        6.0000000000        8.0000000000        4.0000000000 
        6.0000000000        2.0000000000                                         
                                                                                 
  80.00000  78.89732  76.01659  72.19752  68.08773  64.02845  60.17627  56.59868
  53.31676  50.32431  47.59911  45.11085  42.82684  40.71591  38.75079  36.90917
  35.17400  33.53303  31.97817  30.50450  29.10942  27.79181  26.55129  25.38766
  24.30052  23.28897  22.35148  21.48580  20.68903  19.95763  19.28758  18.67447
  18.11361  17.60021  17.12943  16.69653  16.29693  15.92627  15.58051  15.25590
  14.94906  14.65696  14.37694  14.10668  13.84421  13.58788  13.33633  13.08849
  12.84351  12.60077  12.35986  12.12052  11.88262  11.64617  11.41126  11.17807
  10.94682  10.71780  10.49130  10.26764  10.04715   9.83016   9.61696   9.40787
   9.20316   9.00308   8.80785   8.61767   8.43272   8.25312   8.07899   7.91040
   7.74740   7.59001   7.43824   7.29205   7.15140   7.01621   6.88640   6.76186
   6.64247   6.52810   6.41861   6.31384   6.21363   6.11782   6.02622   5.93868
   5.85500   5.77502   5.69854   5.62541   5.55543   5.48844   5.42426   5.36274
   5.30370   5.24699   5.19247   5.13997   5.08937   5.04053   4.99331   4.94760
   4.90328   4.86023   4.81835   4.77754   4.73772   4.69878   4.66066   4.62327
   4.58654   4.55040   4.51481   4.47969   4.44499   4.41068   4.37670   4.34303
   4.30961
  
  68.00000  67.66943  66.70299  65.17149  63.17816  60.84259  58.28531  55.61465
  52.92027  50.26918  47.70721  45.26184  42.94647  40.76485  38.71396  36.78818
  34.98000  33.28223  31.68863  30.19371  28.79275  27.48218  26.25862  25.11919
  24.06098  23.08076  22.17507  21.34046  20.57281  19.86795  19.22130  18.62821
  18.08387  17.58385  17.12316  16.69747  16.30249  15.93415  15.58891  15.26315
  14.95373  14.65813  14.37379  14.09881  13.83120  13.56951  13.31275  13.05970
  12.80987  12.56251  12.31729  12.07412  11.83289  11.59354  11.35610  11.12092
  10.88811  10.65796  10.43073  10.20673   9.98625   9.76956   9.55707   9.34889
   9.14538   8.94659   8.75298   8.56455   8.38155   8.20393   8.03187   7.86543
   7.70458   7.54947   7.40003   7.25607   7.11765   6.98465   6.85710   6.73473
   6.61739   6.50507   6.39760   6.29480   6.19637   6.10239   6.01254   5.92650
   5.84449   5.76591   5.69084   5.61912   5.55040   5.48452   5.42144   5.36098
   5.30285   5.24703   5.19335   5.14168   5.09173   5.04364   4.99701   4.95185
   4.90790   4.86534   4.82392   4.78339   4.74396   4.70525   4.66745   4.63022
   4.59377   4.55775   4.52224   4.48718   4.45267   4.41837   4.38440   4.35070
   4.31738
  
   1.00000   0.95432   0.83086   0.66246   0.48485   0.32456   0.19546   0.10108
   0.03854   0.00194  -0.01536  -0.01951  -0.01558  -0.00743   0.00220   0.01152
   0.01947   0.02554   0.02960   0.03173   0.03220   0.03130   0.02937   0.02672
   0.02363   0.02033   0.01701   0.01382   0.01086   0.00821   0.00590   0.00394
   0.00235   0.00110   0.00018  -0.00046  -0.00084  -0.00100  -0.00097  -0.00079
  -0.00049  -0.00010   0.00036   0.00086   0.00139   0.00192   0.00245   0.00295
   0.00343   0.00388   0.00428   0.00465   0.00497   0.00524   0.00547   0.00565
   0.00579   0.00588   0.00594   0.00596   0.00594   0.00590   0.00582   0.00572
   0.00560   0.00546   0.00530   0.00513   0.00494   0.00474   0.00454   0.00433
   0.00411   0.00390   0.00368   0.00346   0.00324   0.00303   0.00282   0.00261
   0.00241   0.00221   0.00202   0.00184   0.00166   0.00149   0.00133   0.00117
   0.00102   0.00088   0.00074   0.00062   0.00050   0.00038   0.00028   0.00018
   0.00008  -0.00001  -0.00009  -0.00016  -0.00023  -0.00030  -0.00036  -0.00041
  -0.00046  -0.00051  -0.00055  -0.00058  -0.00062  -0.00065  -0.00067  -0.00070
  -0.00071  -0.00073  -0.00075  -0.00076  -0.00077  -0.00078  -0.00078  -0.00078
  -0.00079
  
   1.00000   0.84235   0.50246   0.20070   0.03055  -0.02986  -0.03178  -0.01341
   0.00554   0.01786   0.02279   0.02208   0.01806   0.01270   0.00738   0.00292
  -0.00034  -0.00234  -0.00323  -0.00325  -0.00266  -0.00169  -0.00055   0.00059
   0.00163   0.00249   0.00314   0.00356   0.00378   0.00381   0.00368   0.00343
   0.00308   0.00269   0.00226   0.00183   0.00141   0.00102   0.00067   0.00036
   0.00011  -0.00010  -0.00025  -0.00036  -0.00042  -0.00045  -0.00044  -0.00040
  -0.00034  -0.00026  -0.00017  -0.00007   0.00003   0.00014   0.00024   0.00035
   0.00044   0.00053   0.00061   0.00068   0.00075   0.00080   0.00084   0.00087
   0.00090   0.00091   0.00091   0.00091   0.00090   0.00088   0.00086   0.00084
   0.00080   0.00077   0.00073   0.00069   0.00065   0.00061   0.00056   0.00052
   0.00047   0.00043   0.00039   0.00035   0.00031   0.00027   0.00024   0.00020
   0.00017   0.00014   0.00011   0.00009   0.00007   0.00004   0.00003   0.00001
   0.00000  -0.00002  -0.00003  -0.00003  -0.00004  -0.00004  -0.00005  -0.00005
  -0.00005  -0.00005  -0.00004  -0.00004  -0.00004  -0.00003  -0.00002  -0.00002
  -0.00001   0.00000   0.00001   0.00002   0.00002   0.00003   0.00004   0.00005
   0.00006