Core subshells:
  1s   2s   2p-  2p   3s   3p-  3p   3d-  3d   4s   4p-  4p   4d-  4d   5s   5p-  5p 

Valence subshells:
  4f-  4f   6s 

Populations:

        2.0000000000        2.0000000000        2.0000000000        4.0000000000
        2.0000000000        2.0000000000        4.0000000000        4.0000000000
        6.0000000000        2.0000000000        2.0000000000        4.0000000000
        4.0000000000        6.0000000000        2.0000000000        2.0000000000
        4.0000000000        5.7140558134        5.2859441866        2.0000000000

  67.00000  65.65041  62.74620  59.51250  56.14280  52.68740  49.28994  46.08050
  43.12426  40.43098  37.98000  35.74060  33.68371  31.78663  30.03360  28.41440
  26.92237  25.55263  24.30066  23.16144  22.12903  21.19644  20.35574  19.59832
  18.91519  18.29727  17.73565  17.22187  16.74808  16.30715  15.89276  15.49945
  15.12259  14.75836  14.40370  14.05624  13.71425  13.37651  13.04228  12.71118
  12.38318  12.05845  11.73736  11.42044  11.10826  10.80145  10.50067  10.20654
   9.91967   9.64060   9.36983   9.10776   8.85475   8.61106   8.37687   8.15232
   7.93744   7.73221   7.53656   7.35035   7.17339   7.00546   6.84629   6.69558
   6.55301   6.41823   6.29089   6.17062   6.05704   5.94977   5.84842   5.75263
   5.66203   5.57624   5.49493   5.41775   5.34438   5.27449   5.20781   5.14403
   5.08290   5.02417   4.96760   4.91297   4.86008   4.80874   4.75878   4.71004
   4.66236   4.61563   4.56972   4.52453   4.47995   4.43590   4.39230   4.34910
   4.30622   4.26362   4.22126   4.17910   4.13711   4.09527   4.05355   4.01195
   3.97046   3.92907   3.88777   3.84657   3.80547   3.76448   3.72360   3.68285
   3.64223   3.60175   3.56143   3.52129   3.48133   3.44157   3.40203   3.36272
   3.32366
  
  54.00000  53.47919  52.03071  49.92379  47.46817  44.93113  42.49177  40.23726
  38.18619  36.31860  34.60044  32.99881  31.48897  30.05581  28.69253  27.39802
  26.17431  25.02449  23.95117  22.95562  22.03741  21.19429  20.42246  19.71683
  19.07140  18.47967  17.93492  17.43052  16.96017  16.51805  16.09892  15.69821
  15.31204  14.93719  14.57109  14.21177  13.85780  13.50821  13.16243  12.82024
  12.48168  12.14700  11.81662  11.49107  11.17092  10.85681  10.54937  10.24920
   9.95686   9.67288   9.39770   9.13170   8.87519   8.62840   8.39148   8.16453
   7.94754   7.74048   7.54324   7.35564   7.17749   7.00854   6.84849   6.69704
   6.55384   6.41853   6.29075   6.17011   6.05622   5.94869   5.84715   5.75119
   5.66046   5.57458   5.49319   5.41595   5.34254   5.27263   5.20592   5.14214
   5.08101   5.02229   4.96573   4.91111   4.85824   4.80691   4.75697   4.70825
   4.66059   4.61388   4.56799   4.52282   4.47826   4.43423   4.39065   4.34746
   4.30460   4.26202   4.21968   4.17754   4.13557   4.09374   4.05205   4.01047
   3.96899   3.92762   3.88634   3.84516   3.80408   3.76311   3.72225   3.68152
   3.64092   3.60046   3.56017   3.52004   3.48011   3.44037   3.40085   3.36157
   3.32253
  
   1.00000   0.98423   0.93945   0.87213   0.79033   0.70159   0.61188   0.52540
   0.44482   0.37163   0.30644   0.24932   0.19993   0.15774   0.12209   0.09226
   0.06757   0.04732   0.03090   0.01775   0.00734  -0.00075  -0.00693  -0.01153
  -0.01483  -0.01708  -0.01849  -0.01924  -0.01946  -0.01927  -0.01878  -0.01807
  -0.01720  -0.01623  -0.01519  -0.01412  -0.01305  -0.01200  -0.01098  -0.01000
  -0.00906  -0.00819  -0.00737  -0.00660  -0.00590  -0.00525  -0.00466  -0.00411
  -0.00362  -0.00318  -0.00277  -0.00241  -0.00209  -0.00180  -0.00154  -0.00131
  -0.00111  -0.00093  -0.00077  -0.00063  -0.00051  -0.00040  -0.00031  -0.00023
  -0.00016  -0.00010  -0.00004   0.00000   0.00004   0.00007   0.00009   0.00011
   0.00013   0.00014   0.00015   0.00016   0.00017   0.00017   0.00017   0.00018
   0.00017   0.00017   0.00017   0.00017   0.00017   0.00016   0.00016   0.00015
   0.00015   0.00014   0.00014   0.00013   0.00013   0.00012   0.00012   0.00011
   0.00011   0.00011   0.00010   0.00010   0.00009   0.00009   0.00008   0.00008
   0.00008   0.00007   0.00007   0.00007   0.00006   0.00006   0.00006   0.00005
   0.00005   0.00005   0.00005   0.00004   0.00004   0.00004   0.00004   0.00004
   0.00003
  
   1.00000   0.67235   0.19080  -0.00236  -0.00952   0.01938   0.03376   0.03193
   0.02252   0.01224   0.00434  -0.00036  -0.00225  -0.00217  -0.00095   0.00074
   0.00242   0.00381   0.00478   0.00531   0.00543   0.00521   0.00476   0.00415
   0.00346   0.00275   0.00208   0.00148   0.00096   0.00055   0.00023   0.00002
  -0.00011  -0.00016  -0.00015  -0.00008   0.00002   0.00015   0.00030   0.00045
   0.00060   0.00075   0.00089   0.00100   0.00111   0.00119   0.00125   0.00130
   0.00132   0.00133   0.00132   0.00130   0.00126   0.00122   0.00116   0.00110
   0.00103   0.00096   0.00088   0.00080   0.00073   0.00065   0.00058   0.00051
   0.00044   0.00038   0.00032   0.00027   0.00022   0.00017   0.00013   0.00010
   0.00007   0.00004   0.00002   0.00001   0.00000  -0.00001  -0.00002  -0.00002
  -0.00002  -0.00001  -0.00001   0.00000   0.00001   0.00002   0.00004   0.00005
   0.00007   0.00008   0.00010   0.00012   0.00013   0.00015   0.00017   0.00019
   0.00020   0.00022   0.00023   0.00025   0.00026   0.00028   0.00029   0.00030
   0.00031   0.00032   0.00033   0.00034   0.00035   0.00035   0.00036   0.00037
   0.00037   0.00037   0.00038   0.00038   0.00038   0.00038   0.00038   0.00038
   0.00038