Core subshells:                                                                  
  1s   2s   2p-  2p   3s   3p-  3p   3d-  3d   4s   4p-  4p   4d-  4d            
                                                                                 
Valence subshells:                                                               
  5s   5p-  5p                                                                   
                                                                                 
Populations:                                                             
                                                                        
        2.0000000000        2.0000000000        2.0000000000        4.0000000000 
        2.0000000000        2.0000000000        4.0000000000        4.0000000000 
        6.0000000000        2.0000000000        2.0000000000        4.0000000000
        4.0000000000        6.0000000000        2.0000000000        2.0000000000
        3.0000000000                                                                 
                                                                                
  53.00000  51.90948  49.13990  45.69992  42.33883  39.33329  36.67579  34.27941
  32.07474  30.02990  28.13993  26.41127  24.85037  23.45783  22.22688  21.14423
  20.19215  19.35066  18.59946  17.91949  17.29381  16.70816  16.15114  15.61411
  15.09093  14.57764  14.07205  13.57337  13.08185  12.59849  12.12471  11.66218
  11.21264  10.77774  10.35898   9.95764   9.57471   9.21092   8.86672   8.54231
   8.23760   7.95234   7.68604   7.43807   7.20767   6.99397   6.79603   6.61285
   6.44343   6.28671   6.14167   6.00731   5.88264   5.76673   5.65868   5.55764
   5.46284   5.37353   5.28905   5.20877   5.13213   5.05864   4.98782   4.91927
   4.85265   4.78763   4.72394   4.66134   4.59964   4.53866   4.47827   4.41834
   4.35880   4.29957   4.24059   4.18183   4.12326   4.06489   4.00670   3.94870
   3.89092   3.83336   3.77607   3.71907   3.66238   3.60605   3.55012   3.49461
   3.43958   3.38504   3.33104   3.27761   3.22480   3.17261   3.12110   3.07028
   3.02019   2.97083   2.92225   2.87445   2.82746   2.78128   2.73594   2.69145
   2.64780   2.60502   2.56310   2.52205   2.48187   2.44256   2.40412   2.36655
   2.32984   2.29399   2.25900   2.22484   2.19153   2.15904   2.12736   2.09649
   2.06642
  
  46.00000  45.68166  44.75376  43.29269  41.41086  39.23937  36.91069  34.54441
  32.23817  30.06389  28.06787  26.27344  24.68584  23.29617  22.08694  21.03532
  20.11616  19.30502  18.57889  17.91763  17.30450  16.72577  16.17101  15.63275
  15.10596  14.58742  14.07580  13.57099  13.07360  12.58502  12.10684  11.64072
  11.18861  10.75197  10.33232   9.93090   9.54838   9.18564   8.84289   8.52023
   8.21745   7.93427   7.67011   7.42420   7.19590   6.98421   6.78810   6.60664
   6.43878   6.28342   6.13953   6.00617   5.88241   5.76717   5.65964   5.55903
   5.46444   5.37531   5.29083   5.21057   5.13382   5.06004   4.98903   4.92015
   4.85320   4.78790   4.72382   4.66078   4.59870   4.53735   4.47652   4.41623
   4.35640   4.29679   4.23747   4.17840   4.11949   4.06085   4.00247   3.94417
   3.88619   3.82845   3.77098   3.71382   3.65700   3.60067   3.54456   3.48901
   3.43395   3.37934   3.32540   3.27196   3.21917   3.16695   3.11553   3.06475
   3.01471   2.96536   2.91691   2.86917   2.82227   2.77621   2.73092   2.68660
   2.64305   2.60040   2.55852   2.51765   2.47756   2.43836   2.40006   2.36264
   2.32600   2.29033   2.25544   2.22140   2.18821   2.15586   2.12423   2.09353
   2.06353
  
   1.00000   0.91850   0.70936   0.45338   0.22670   0.06938  -0.01513  -0.04411
  -0.03997  -0.02146  -0.00085   0.01553   0.02551   0.02936   0.02847   0.02452
   0.01905   0.01322   0.00783   0.00335  -0.00003  -0.00229  -0.00355  -0.00397
  -0.00373  -0.00303  -0.00203  -0.00089   0.00029   0.00141   0.00242   0.00327
   0.00395   0.00445   0.00478   0.00495   0.00497   0.00486   0.00466   0.00437
   0.00403   0.00364   0.00323   0.00281   0.00239   0.00198   0.00160   0.00124
   0.00092   0.00062   0.00037   0.00015  -0.00003  -0.00018  -0.00030  -0.00039
  -0.00044  -0.00048  -0.00049  -0.00048  -0.00045  -0.00040  -0.00035  -0.00028
  -0.00021  -0.00013  -0.00005   0.00003   0.00012   0.00021   0.00029   0.00037
   0.00045   0.00053   0.00060   0.00067   0.00073   0.00079   0.00084   0.00089
   0.00093   0.00096   0.00099   0.00102   0.00104   0.00106   0.00107   0.00108
   0.00108   0.00108   0.00108   0.00107   0.00106   0.00105   0.00104   0.00102
   0.00100   0.00098   0.00096   0.00094   0.00091   0.00089   0.00086   0.00083
   0.00080   0.00078   0.00075   0.00072   0.00069   0.00066   0.00063   0.00060
   0.00058   0.00055   0.00052   0.00049   0.00047   0.00044   0.00042   0.00039
   0.00037

   1.00000   0.87816   0.59347   0.30009   0.09492  -0.00897  -0.04093  -0.03535
  -0.01669   0.00179   0.01476   0.02135   0.02271   0.02058   0.01659   0.01198
   0.00758   0.00385   0.00099  -0.00097  -0.00212  -0.00260  -0.00255  -0.00215
  -0.00151  -0.00074   0.00006   0.00083   0.00153   0.00213   0.00261   0.00298
   0.00323   0.00337   0.00341   0.00338   0.00327   0.00311   0.00291   0.00267
   0.00242   0.00216   0.00190   0.00164   0.00139   0.00116   0.00094   0.00075
   0.00057   0.00041   0.00028   0.00016   0.00007  -0.00001  -0.00007  -0.00011
  -0.00014  -0.00016  -0.00017  -0.00016  -0.00015  -0.00013  -0.00010  -0.00007
  -0.00003   0.00001   0.00005   0.00009   0.00013   0.00018   0.00022   0.00026
   0.00031   0.00035   0.00038   0.00042   0.00046   0.00049   0.00052   0.00055
   0.00057   0.00059   0.00061   0.00063   0.00065   0.00066   0.00068   0.00069
   0.00069   0.00070   0.00070   0.00071   0.00071   0.00071   0.00071   0.00070
   0.00070   0.00069   0.00069   0.00068   0.00067   0.00066   0.00065   0.00064
   0.00063   0.00062   0.00061   0.00060   0.00058   0.00057   0.00056   0.00055
   0.00053   0.00052   0.00051   0.00049   0.00048   0.00047   0.00045   0.00044
   0.00043