Core subshells:                                                                  
  1s   2s   2p-  2p   3s   3p-  3p   3d-  3d   4s   4p-  4p   4d-  4d                      
                                                                                 
Valence subshells:                                                               
  5s   5p-                                                        
                                                                                 
Populations:                                                             
                                                                          
        2.0000000000        2.0000000000        2.0000000000        4.0000000000 
        2.0000000000        2.0000000000        4.0000000000        4.0000000000 
        6.0000000000        2.0000000000        2.0000000000        4.0000000000 
        4.0000000000        6.0000000000        2.0000000000        1.0000000000                                                                                            
  49.00000  47.97971  45.53340  42.60237  39.63925  36.77454  34.05926  31.53743
  29.24647  27.20779  25.42371  23.87996  22.55084  21.40452  20.40746  19.52762
  18.73651  18.01022  17.32974  16.68078  16.05333  15.44096  14.84016  14.24964
  13.66971  13.10176  12.54780  12.01010  11.49094  10.99245  10.51640  10.06422
   9.63690   9.23502   8.85876   8.50793   8.18203   7.88028   7.60167   7.34504
   7.10907   6.89238   6.69353   6.51108   6.34356   6.18957   6.04775   5.91679
   5.79548   5.68268   5.57732   5.47844   5.38514   5.29665   5.21223   5.13126
   5.05318   4.97750   4.90379   4.83170   4.76092   4.69118   4.62229   4.55406
   4.48635   4.41908   4.35215   4.28552   4.21915   4.15304   4.08717   4.02157
   3.95626   3.89126   3.82662   3.76238   3.69858   3.63527   3.57250   3.51031
   3.44876   3.38789   3.32775   3.26837   3.20981   3.15210   3.09528   3.03937
   2.98441   2.93042   2.87743   2.82545   2.77451   2.72461   2.67578   2.62801
   2.58131   2.53569   2.49115   2.44768   2.40528   2.36395   2.32368   2.28446
   2.24628   2.20913   2.17300   2.13786   2.10371   2.07053   2.03829   2.00699
   1.97661   1.94712   1.91851   1.89075   1.86383   1.83773   1.81242   1.78788
   1.76409
  
  46.00000  45.52183  44.15805  42.09702  39.58642  36.87228  34.15819  31.58807
  29.24782  27.17584  25.37605  23.83009  22.50720  21.37100  20.38492  19.51505
  18.73191  18.01126  17.33429  16.68699  16.05971  15.44653  14.84422  14.25182
  13.66999  13.10013  12.54450  12.00544  11.48516  10.98594  10.50945  10.05707
   9.62978   9.22819   8.85231   8.50208   8.17674   7.87564   7.59766   7.34170
   7.10637   6.89022   6.69191   6.50990   6.34287   6.18918   6.04770   5.91702
   5.79588   5.68320   5.57790   5.47909   5.38584   5.29733   5.21289   5.13186
   5.05362   4.97784   4.90403   4.83187   4.76099   4.69106   4.62211   4.55368
   4.48587   4.41849   4.35148   4.28470   4.21824   4.15209   4.08617   4.02049
   3.95509   3.89001   3.82539   3.76107   3.69720   3.63394   3.57114   3.50894
   3.44730   3.38646   3.32637   3.26698   3.20842   3.15074   3.09397   3.03803
   2.98307   2.92911   2.87617   2.82426   2.77331   2.72343   2.67462   2.62690
   2.58028   2.53465   2.49021   2.44676   2.40440   2.36313   2.32282   2.28369
   2.24550   2.20845   2.17233   2.13722   2.10311   2.06998   2.03780   2.00647
   1.97616   1.94665   1.91813   1.89037   1.86345   1.83735   1.81215   1.78763
   1.76387

   1.00000   0.85376   0.52887   0.22488   0.04098  -0.03231  -0.04135  -0.02496
  -0.00489   0.01000   0.01790   0.01997   0.01821   0.01445   0.01006   0.00592
   0.00250  -0.00002  -0.00164  -0.00248  -0.00269  -0.00244  -0.00188  -0.00115
  -0.00035   0.00042   0.00113   0.00172   0.00219   0.00253   0.00274   0.00283
   0.00283   0.00274   0.00259   0.00239   0.00215   0.00189   0.00162   0.00136
   0.00110   0.00086   0.00064   0.00044   0.00026   0.00011  -0.00001  -0.00011
  -0.00019  -0.00025  -0.00028  -0.00030  -0.00031  -0.00030  -0.00028  -0.00025
  -0.00022  -0.00017  -0.00013  -0.00008  -0.00002   0.00003   0.00008   0.00013
   0.00018   0.00023   0.00027   0.00032   0.00036   0.00039   0.00042   0.00045
   0.00048   0.00050   0.00052   0.00054   0.00055   0.00056   0.00056   0.00057
   0.00057   0.00057   0.00057   0.00056   0.00055   0.00055   0.00054   0.00053
   0.00051   0.00050   0.00049   0.00047   0.00046   0.00044   0.00042   0.00041
   0.00039   0.00038   0.00036   0.00034   0.00033   0.00031   0.00029   0.00028
   0.00026   0.00025   0.00023   0.00022   0.00020   0.00019   0.00018   0.00016
   0.00015   0.00014   0.00013   0.00012   0.00011   0.00010   0.00009   0.00008
   0.00007

   1.00000   0.75037   0.31756   0.05554  -0.02909  -0.03310  -0.01622  -0.00070
   0.00845   0.01199   0.01189   0.00991   0.00726   0.00464   0.00242   0.00075
  -0.00037  -0.00102  -0.00128  -0.00125  -0.00103  -0.00070  -0.00031   0.00008
   0.00045   0.00077   0.00103   0.00123   0.00136   0.00145   0.00147   0.00146
   0.00141   0.00133   0.00124   0.00112   0.00101   0.00088   0.00076   0.00064
   0.00053   0.00043   0.00033   0.00025   0.00018   0.00012   0.00006   0.00002
  -0.00002  -0.00004  -0.00006  -0.00007  -0.00008  -0.00008  -0.00007  -0.00006
  -0.00005  -0.00004  -0.00002  -0.00001   0.00001   0.00003   0.00005   0.00007
   0.00009   0.00011   0.00012   0.00014   0.00016   0.00017   0.00019   0.00020
   0.00021   0.00023   0.00024   0.00025   0.00025   0.00026   0.00027   0.00027
   0.00028   0.00028   0.00028   0.00028   0.00028   0.00028   0.00028   0.00028
   0.00028   0.00028   0.00028   0.00027   0.00027   0.00027   0.00026   0.00026
   0.00025   0.00025   0.00025   0.00024   0.00023   0.00023   0.00022   0.00022
   0.00021   0.00021   0.00020   0.00020   0.00019   0.00019   0.00018   0.00017
   0.00017   0.00016   0.00016   0.00015   0.00015   0.00014   0.00014   0.00013
   0.00013