Core subshells:                                                                  
  1s   2s   2p-  2p   3s   3p-  3p   3d-  3d   4s   4p-  4p   4d-  4d   5s   5p- 
                                                                                 
Valence subshells:                                                               
  5d-  5d   6s                                                                   
                                                                                 
Populations:                                                             
                                                                      
        2.0000000000        2.0000000000        2.0000000000        4.0000000000 
        2.0000000000        2.0000000000        4.0000000000        4.0000000000 
        6.0000000000        2.0000000000        2.0000000000        4.0000000000 
        4.0000000000        6.0000000000        2.0000000000        2.0000000000 
        4.0000000000        6.0000000000        8.0000000000        3.7636505563
        3.2363494437        2.0000000000 

  77.00000  75.83407  72.87816  69.11707  65.19706  61.38470  57.77363  54.39855
  51.26988  48.38289  45.72236  43.26686  40.99279  38.87744  36.90103  35.04769
  33.30555  31.66637  30.12475  28.67733  27.32199  26.05712  24.88116  23.79217
  22.78762  21.86430  21.01831  20.24514  19.53977  18.89680  18.31064  17.77558
  17.28599  16.83638  16.42154  16.03658  15.67697  15.33864  15.01792  14.71160
  14.41689  14.13142  13.85321  13.58066  13.31249  13.04772  12.78563  12.52574
  12.26777  12.01159  11.75723  11.50482  11.25457  11.00677  10.76173  10.51983
  10.28141  10.04687   9.81655   9.59082   9.36998   9.15434   8.94417   8.73968
   8.54109   8.34854   8.16215   7.98202   7.80820   7.64070   7.47951   7.32459
   7.17589   7.03329   6.89670   6.76599   6.64099   6.52155   6.40749   6.29862
   6.19476   6.09569   6.00122   5.91113   5.82522   5.74327   5.66508   5.59044
   5.51914   5.45099   5.38580   5.32336   5.26350   5.20604   5.15082   5.09766
   5.04642   4.99693   4.94907   4.90270   4.85769   4.81392   4.77129   4.72968
   4.68900   4.64915   4.61006   4.57164   4.53383   4.49656   4.45976   4.42338
   4.38737   4.35169   4.31630   4.28115   4.24623   4.21149   4.17692   4.14248
   4.10818
  
  68.00000  67.61461  66.49280  64.73059  62.46613  59.85445  57.04460  54.16387
  51.30918  48.54684  45.91608  43.43516  41.10829  38.93122  36.89554  34.99166
  33.21056  31.54448  29.98731  28.53390  27.18045  25.92332  24.75913  23.68442
  22.69541  21.78787  20.95708  20.19810  19.50528  18.87328  18.29642  17.76888
  17.28511  16.83983  16.42781  16.04451  15.68559  15.34698  15.02541  14.71751
  14.42091  14.13324  13.85256  13.57748  13.30687  13.03967  12.77516  12.51309
  12.25306  11.99496  11.73890  11.48507  11.23361  10.98481  10.73902  10.49657
  10.25768  10.02298   9.79266   9.56702   9.34636   9.13106   8.92149   8.71755
   8.51952   8.32782   8.14222   7.96293   7.78996   7.62341   7.46312   7.30914
   7.16138   7.01971   6.88400   6.75423   6.63009   6.51153   6.39836   6.29037
   6.18721   6.08895   5.99522   5.90582   5.82064   5.73921   5.66171   5.58766
   5.51684   5.44919   5.38451   5.32247   5.26301   5.20595   5.15099   5.09824
   5.04726   4.99804   4.95043   4.90430   4.85939   4.81585   4.77343   4.73189
   4.69140   4.65161   4.61255   4.57430   4.53651   4.49938   4.46257   4.42618
   4.39015   4.35458   4.31915   4.28396   4.24911   4.21431   4.17967   4.14530
   4.11091
  
   1.00000   0.94114   0.78686   0.58774   0.39251   0.23071   0.11243   0.03530
  -0.00869  -0.02878  -0.03327  -0.02867  -0.01967  -0.00940   0.00026   0.00831
   0.01435   0.01835   0.02053   0.02117   0.02063   0.01923   0.01726   0.01497
   0.01257   0.01019   0.00794   0.00591   0.00412   0.00261   0.00137   0.00039
  -0.00034  -0.00086  -0.00117  -0.00133  -0.00134  -0.00124  -0.00105  -0.00079
  -0.00048  -0.00015   0.00021   0.00056   0.00092   0.00126   0.00158   0.00188
   0.00215   0.00239   0.00260   0.00278   0.00293   0.00306   0.00315   0.00321
   0.00325   0.00327   0.00327   0.00324   0.00320   0.00314   0.00307   0.00299
   0.00289   0.00279   0.00268   0.00257   0.00245   0.00232   0.00220   0.00207
   0.00195   0.00182   0.00170   0.00158   0.00146   0.00134   0.00123   0.00112
   0.00102   0.00091   0.00082   0.00072   0.00063   0.00055   0.00047   0.00039
   0.00032   0.00026   0.00019   0.00013   0.00008   0.00003  -0.00002  -0.00007
  -0.00011  -0.00014  -0.00018  -0.00021  -0.00024  -0.00026  -0.00029  -0.00031
  -0.00033  -0.00034  -0.00036  -0.00037  -0.00038  -0.00039  -0.00040  -0.00041
  -0.00041  -0.00041  -0.00042  -0.00042  -0.00042  -0.00042  -0.00042  -0.00042
  -0.00041
  
   1.00000   0.81575   0.43869   0.13612  -0.00833  -0.04233  -0.02899  -0.00619
   0.01075   0.01875   0.01960   0.01623   0.01114   0.00604   0.00184  -0.00108
  -0.00273  -0.00332  -0.00312  -0.00241  -0.00143  -0.00037   0.00062   0.00147
   0.00212   0.00256   0.00281   0.00287   0.00279   0.00260   0.00233   0.00200
   0.00165   0.00130   0.00096   0.00065   0.00038   0.00014  -0.00005  -0.00019
  -0.00030  -0.00037  -0.00040  -0.00041  -0.00038  -0.00034  -0.00028  -0.00021
  -0.00014  -0.00005   0.00003   0.00011   0.00019   0.00027   0.00034   0.00040
   0.00046   0.00051   0.00055   0.00058   0.00060   0.00062   0.00063   0.00063
   0.00062   0.00061   0.00060   0.00058   0.00056   0.00053   0.00051   0.00048
   0.00045   0.00042   0.00038   0.00035   0.00032   0.00029   0.00026   0.00023
   0.00020   0.00017   0.00014   0.00012   0.00010   0.00008   0.00006   0.00004
   0.00002   0.00001   0.00000  -0.00001  -0.00002  -0.00003  -0.00004  -0.00004
  -0.00004  -0.00005  -0.00005  -0.00005  -0.00005  -0.00004  -0.00004  -0.00004
  -0.00003  -0.00003  -0.00002  -0.00002  -0.00001   0.00000   0.00000   0.00001
   0.00002   0.00002   0.00003   0.00004   0.00004   0.00005   0.00006   0.00007
   0.00007