Core subshells:
  1s   2s   2p-  2p   3s   3p-  3p 

Valence subshells:
  4s 

Populations:

        2.0000000000        2.0000000000        2.0000000000        4.0000000000 
        2.0000000000        2.0000000000        4.0000000000        1.0000000000

  19.00000  18.20416  16.73308  15.24285  13.72811  12.26824  10.97624   9.90765
   9.06111   8.40298   7.88849   7.47443   7.12512   6.81397   6.52291   6.24081
   5.96173   5.68335   5.40568   5.13007   4.85853   4.59326   4.33633   4.08955
   3.85436   3.63181   3.42257   3.22701   3.04516   2.87684   2.72169   2.57917
   2.44866   2.32946   2.22082   2.12198   2.03217   1.95065   1.87669   1.80960
   1.74872   1.69343   1.64317   1.59741   1.55565   1.51747   1.48245   1.45022
   1.42047   1.39289   1.36721   1.34320   1.32065   1.29938   1.27920   1.25998
   1.24160   1.22393   1.20687   1.19035   1.17428   1.15861   1.14328   1.12824
   1.11344   1.09886   1.08447   1.07024   1.05616   1.04220   1.02835   1.01461
   1.00097   0.98741   0.97395   0.96056   0.94726   0.93403   0.92089   0.90784
   0.89486   0.88198   0.86918   0.85648   0.84387   0.83135   0.81894   0.80663
   0.79443   0.78234   0.77036   0.75850   0.74676   0.73513   0.72363   0.71226
   0.70101   0.68989   0.67890   0.66804   0.65732   0.64673   0.63628   0.62596
   0.61578   0.60574   0.59583   0.58606   0.57643   0.56694   0.55759   0.54837
   0.53930   0.53035   0.52155   0.51288   0.50434   0.49593   0.48766   0.47953
   0.47152   0.00000   0.00000   0.00000   0.00000   0.00000   0.00000   0.00000
  
  18.00000  17.64600  16.66926  15.28490  13.74647  12.26368  10.96410   9.89622
   9.05306   8.39842   7.88661   7.47429   7.12591   6.81510   6.52400   6.24163
   5.96219   5.68343   5.40542   5.12952   4.85776   4.59234   4.33532   4.08850
   3.85331   3.63080   3.42162   3.22613   3.04436   2.87614   2.72107   2.57864
   2.44822   2.32909   2.22052   2.12174   2.03200   1.95053   1.87661   1.80955
   1.74870   1.69344   1.64319   1.59744   1.55570   1.51752   1.48250   1.45028
   1.42053   1.39294   1.36727   1.34325   1.32070   1.29941   1.27923   1.26001
   1.24161   1.22394   1.20687   1.19035   1.17427   1.15859   1.14325   1.12820
   1.11340   1.09882   1.08442   1.07019   1.05609   1.04213   1.02828   1.01454
   1.00089   0.98733   0.97386   0.96047   0.94716   0.93394   0.92080   0.90774
   0.89476   0.88187   0.86908   0.85637   0.84376   0.83125   0.81883   0.80653
   0.79432   0.78223   0.77025   0.75839   0.74665   0.73502   0.72352   0.71215
   0.70090   0.68978   0.67879   0.66794   0.65721   0.64663   0.63617   0.62586
   0.61568   0.60564   0.59573   0.58597   0.57634   0.56685   0.55750   0.54828
   0.53920   0.53026   0.52146   0.51279   0.50425   0.49585   0.48758   0.47944
   0.47143   0.00000   0.00000   0.00000   0.00000   0.00000   0.00000   0.00000
  
   1.00000   0.55816   0.06381  -0.04205  -0.01836   0.00456   0.01213   0.01144
   0.00805   0.00456   0.00188   0.00014  -0.00079  -0.00113  -0.00108  -0.00082
  -0.00046  -0.00009   0.00026   0.00055   0.00077   0.00092   0.00101   0.00105
   0.00105   0.00101   0.00095   0.00088   0.00079   0.00070   0.00061   0.00053
   0.00044   0.00037   0.00029   0.00023   0.00018   0.00013   0.00009   0.00005
   0.00002   0.00000  -0.00002  -0.00004  -0.00005  -0.00005  -0.00006  -0.00006
  -0.00006  -0.00006  -0.00006  -0.00005  -0.00005  -0.00004  -0.00003  -0.00003
  -0.00002  -0.00001   0.00000   0.00000   0.00001   0.00002   0.00003   0.00003
   0.00004   0.00005   0.00005   0.00006   0.00006   0.00007   0.00007   0.00008
   0.00008   0.00008   0.00009   0.00009   0.00009   0.00010   0.00010   0.00010
   0.00010   0.00010   0.00010   0.00011   0.00011   0.00011   0.00011   0.00011
   0.00011   0.00011   0.00011   0.00011   0.00011   0.00011   0.00011   0.00011
   0.00011   0.00011   0.00011   0.00011   0.00010   0.00010   0.00010   0.00010
   0.00010   0.00010   0.00010   0.00010   0.00010   0.00010   0.00009   0.00009
   0.00009   0.00009   0.00009   0.00009   0.00009   0.00009   0.00008   0.00008
   0.00008   0.00000   0.00000   0.00000   0.00000   0.00000   0.00000   0.00000