Core subshells:
  1s   2s   2p-  2p   3s   3p-  3p   3d-  3d 

Valence subshells:
  4s   4p-  4p 

Populations:

        2.0000000000        2.0000000000        2.0000000000        4.0000000000
        2.0000000000        2.0000000000        4.0000000000        4.0000000000
        6.0000000000        2.0000000000        2.0000000000        4.0000000000
 
  36.00000  35.30334  33.46648  31.05461  28.59001  26.36353  24.45310  22.81972
  21.38770  20.08741  18.87029  17.70928  16.59378  15.52363  14.50405  13.54197
  12.64381  11.81424  11.05572  10.36853   9.75096   9.19977   8.71054   8.27813
   7.89695   7.56131   7.26558   7.00440   6.77274   6.56601   6.38011   6.21136
   6.05660   5.91308   5.77849   5.65087   5.52864   5.41050   5.29541   5.18258
   5.07142   4.96147   4.85245   4.74417   4.63654   4.52955   4.42322   4.31764
   4.21292   4.10920   4.00661   3.90531   3.80544   3.70716   3.61061   3.51591
   3.42318   3.33254   3.24406   3.15784   3.07394   2.99242   2.91330   2.83662
   2.76240   2.69065   2.62134   2.55448   2.49004   2.42799   2.36829   2.31091
   2.25579   2.20288   2.15213   2.10347   2.05685   2.01221   1.96947   1.92858
   1.88947   1.85207   1.81631   1.78213   1.74947   1.71825   1.68842   1.65992
   1.63267   1.60664   1.58175   1.55795   1.53518   1.51340   1.49256   1.47259
   1.45347   1.43514   1.41756   1.40068   1.38448   1.36890   1.35392   1.33950
   1.32561   1.31221   1.29928   1.28678   1.27470   1.26300   1.25166   1.24066
   1.22998   1.21959   1.20948   1.19964   1.19003   1.18065   1.17148   1.16251
   1.15373
  
  28.00000  27.87811  27.51773  26.93416  26.15113  25.19882  24.11139  22.92473
  21.67427  20.39322  19.11126  17.85369  16.64110  15.48929  14.40954  13.40905
  12.49146  11.65749  10.90548  10.23197   9.63219   9.10052   8.63083   8.21680
   7.85213   7.53072   7.24682   6.99510   6.77069   6.56923   6.38683   6.22010
   6.06613   5.92242   5.78685   5.65768   5.53349   5.41311   5.29563   5.18036
   5.06677   4.95448   4.84324   4.73290   4.62340   4.51473   4.40693   4.30009
   4.19431   4.08972   3.98645   3.88465   3.78445   3.68598   3.58938   3.49475
   3.40221   3.31185   3.22375   3.13797   3.05457   2.97360   2.89508   2.81904
   2.74548   2.67440   2.60579   2.53962   2.47588   2.41453   2.35552   2.29881
   2.24436   2.19210   2.14198   2.09394   2.04792   2.00385   1.96166   1.92130
   1.88269   1.84577   1.81047   1.77673   1.74448   1.71366   1.68420   1.65604
   1.62913   1.60340   1.57880   1.55527   1.53276   1.51122   1.49059   1.47084
   1.45190   1.43375   1.41633   1.39960   1.38353   1.36808   1.35322   1.33890
   1.32510   1.31179   1.29893   1.28651   1.27448   1.26284   1.25155   1.24059
   1.22995   1.21959   1.20951   1.19969   1.19010   1.18074   1.17158   1.16262
   1.15383
  
   1.00000   0.94723   0.80451   0.61059   0.40955   0.23513   0.10438   0.01957
  -0.02616  -0.04331  -0.04231  -0.03164  -0.01739  -0.00336   0.00837   0.01696
   0.02237   0.02496   0.02528   0.02395   0.02153   0.01848   0.01518   0.01191
   0.00885   0.00612   0.00380   0.00189   0.00039  -0.00072  -0.00148  -0.00195
  -0.00216  -0.00216  -0.00200  -0.00172  -0.00134  -0.00091  -0.00044   0.00004
   0.00052   0.00099   0.00143   0.00183   0.00219   0.00252   0.00280   0.00303
   0.00322   0.00338   0.00349   0.00356   0.00360   0.00361   0.00360   0.00355
   0.00349   0.00341   0.00331   0.00319   0.00307   0.00294   0.00280   0.00266
   0.00251   0.00236   0.00221   0.00206   0.00192   0.00178   0.00164   0.00150
   0.00137   0.00125   0.00113   0.00101   0.00090   0.00080   0.00071   0.00062
   0.00053   0.00045   0.00038   0.00031   0.00025   0.00020   0.00015   0.00010
   0.00006   0.00002  -0.00001  -0.00004  -0.00006  -0.00009  -0.00010  -0.00012
  -0.00013  -0.00014  -0.00015  -0.00015  -0.00015  -0.00015  -0.00015  -0.00015
  -0.00014  -0.00014  -0.00013  -0.00012  -0.00011  -0.00010  -0.00009  -0.00007
  -0.00006  -0.00005  -0.00003  -0.00002   0.00000   0.00001   0.00003   0.00004
   0.00006
  
   1.00000   0.92179   0.72329   0.48321   0.26996   0.11574   0.02216  -0.02403
  -0.03904  -0.03653  -0.02606  -0.01352  -0.00209   0.00684   0.01296   0.01650
   0.01793   0.01781   0.01661   0.01478   0.01262   0.01038   0.00822   0.00625
   0.00452   0.00306   0.00186   0.00092   0.00021  -0.00030  -0.00063  -0.00081
  -0.00087  -0.00083  -0.00073  -0.00056  -0.00036  -0.00013   0.00011   0.00036
   0.00060   0.00084   0.00106   0.00127   0.00146   0.00163   0.00178   0.00191
   0.00203   0.00212   0.00220   0.00226   0.00230   0.00233   0.00234   0.00234
   0.00233   0.00231   0.00228   0.00225   0.00220   0.00216   0.00210   0.00205
   0.00198   0.00192   0.00186   0.00179   0.00172   0.00165   0.00158   0.00152
   0.00145   0.00138   0.00132   0.00125   0.00119   0.00113   0.00107   0.00101
   0.00095   0.00090   0.00085   0.00079   0.00075   0.00070   0.00065   0.00061
   0.00057   0.00053   0.00049   0.00046   0.00042   0.00039   0.00036   0.00033
   0.00031   0.00028   0.00025   0.00023   0.00021   0.00019   0.00017   0.00015
   0.00013   0.00012   0.00010   0.00009   0.00007   0.00006   0.00005   0.00004
   0.00002   0.00002   0.00001   0.00000  -0.00001  -0.00002  -0.00002  -0.00003
  -0.00004