Core subshells:
  1s   2s   2p-  2p   3s   3p-  3p   3d-  3d   4s   4p-  4p   4d-  4d   5s   5p-  5p 

Valence subshells:
  5d-  5d   6s 

Populations:

        2.0000000000        2.0000000000        2.0000000000        4.0000000000       
        2.0000000000        2.0000000000        4.0000000000        4.0000000000
        6.0000000000        2.0000000000        2.0000000000        4.0000000000
        4.0000000000        6.0000000000        2.0000000000        2.0000000000
        4.0000000000        1.0000000000        0.0000000000        2.0000000000

   57.0000   55.3511   51.9815   48.5225   45.2112   42.0771   39.2112   36.6585
   34.3965   32.3694   30.5221   28.8158   27.2301   25.7582   24.4000   23.1574
   22.0302   21.0151   20.1052   19.2907   18.5599   17.9002   17.2991   16.7447
   16.2265   15.7356   15.2646   14.8078   14.3611   13.9217   13.4881   13.0595
   12.6360   12.2182   11.8070   11.4036   11.0093   10.6254   10.2532    9.8936
    9.5477    9.2162    8.8997    8.5986    8.3131    8.0431    7.7886    7.5493
    7.3249    7.1148    6.9184    6.7352    6.5644    6.4053    6.2571    6.1192
    5.9907    5.8709    5.7591    5.6546    5.5567    5.4647    5.3782    5.2964
    5.2188    5.1451    5.0746    5.0071    4.9421    4.8793    4.8183    4.7589
    4.7009    4.6441    4.5882    4.5331    4.4786    4.4247    4.3711    4.3180
    4.2651    3.7457    3.2488    2.7987    2.4141    2.1002    1.8520    1.6594
    1.5110    1.3962    1.3057    1.2326    1.1716    0.0000    0.0000    0.0000
  
   54.0000   53.2633   51.2393   48.3796   45.1889   42.0553   39.1871   36.6412
   34.3869   32.3636   30.5159   28.8068   27.2177   25.7431   24.3837   23.1414
   22.0156   21.0028   20.0956   19.2838   18.5555   17.8980   17.2985   16.7452
   16.2277   15.7371   15.2660   14.8089   14.3617   13.9218   13.4875   13.0582
   12.6341   12.2157   11.8040   11.4002   11.0057   10.6216   10.2492    9.8896
    9.5437    9.2123    8.8960    8.5950    8.3097    8.0400    7.7857    7.5467
    7.3226    7.1127    6.9166    6.7336    6.5631    6.4042    6.2562    6.1185
    5.9902    5.8705    5.7589    5.6545    5.5567    5.4648    5.3783    5.2966
    5.2191    5.1454    5.0749    5.0074    4.9424    4.8796    4.8186    4.7592
    4.7012    4.6444    4.5884    4.5333    4.4788    4.4248    4.3713    4.3181
    4.2652    3.7455    3.2485    2.7984    2.4139    2.1001    1.8519    1.6594
    1.5110    1.3961    1.3057    1.2326    1.1716    0.0000    0.0000    0.0000
 
    1.0000    0.8378    0.4991    0.2081    0.0430   -0.0222   -0.0330   -0.0219
   -0.0063    0.0063    0.0141    0.0174    0.0175    0.0155    0.0125    0.0093
    0.0063    0.0037    0.0017    0.0003   -0.0007   -0.0012   -0.0014   -0.0013
   -0.0010   -0.0007   -0.0003    0.0002    0.0006    0.0010    0.0013    0.0016
    0.0019    0.0021    0.0022    0.0023    0.0024    0.0024    0.0024    0.0023
    0.0022    0.0021    0.0020    0.0019    0.0018    0.0016    0.0015    0.0014
    0.0013    0.0011    0.0010    0.0009    0.0008    0.0007    0.0006    0.0005
    0.0004    0.0003    0.0002    0.0002    0.0001    0.0001    0.0000    0.0000
   -0.0001   -0.0001   -0.0001   -0.0002   -0.0002   -0.0002   -0.0002   -0.0002
   -0.0002   -0.0002   -0.0003   -0.0003   -0.0003   -0.0003   -0.0003   -0.0003
   -0.0003   -0.0002   -0.0002   -0.0001   -0.0001    0.0000    0.0000    0.0000
    0.0000    0.0000    0.0000    0.0000    0.0000    0.0000    0.0000    0.0000
   
    1.0000    0.6250    0.1216   -0.0326   -0.0104    0.0220    0.0285    0.0196
    0.0080   -0.0003   -0.0040   -0.0042   -0.0025   -0.0002    0.0019    0.0033
    0.0041    0.0043    0.0039    0.0033    0.0025    0.0017    0.0010    0.0004
   -0.0001   -0.0004   -0.0006   -0.0006   -0.0006   -0.0005   -0.0003   -0.0002
    0.0000    0.0002    0.0004    0.0005    0.0006    0.0007    0.0008    0.0009
    0.0009    0.0009    0.0009    0.0008    0.0008    0.0007    0.0007    0.0006
    0.0005    0.0005    0.0004    0.0003    0.0003    0.0002    0.0002    0.0001
    0.0001    0.0000    0.0000    0.0000    0.0000   -0.0001   -0.0001   -0.0001
   -0.0001   -0.0001   -0.0001   -0.0001   -0.0001   -0.0001   -0.0001    0.0000
    0.0000    0.0000    0.0000    0.0000    0.0000    0.0000    0.0001    0.0001
    0.0001    0.0002    0.0002    0.0002    0.0001    0.0001    0.0000    0.0000
    0.0000    0.0000    0.0000    0.0000    0.0000    0.0000    0.0000    0.0000
