Core subshells:
  1s 

Valence subshells:
  2s 

Populations:

        2.0000000000   1.0000000000  
  
   3.00000   2.70754   2.21506   1.90363   1.74157   1.62601   1.51265   1.39315
   1.27040   1.14898   1.03258   0.92360   0.82333   0.73229   0.65041   0.57732
   0.51240   0.45495   0.40425   0.35958   0.32024   0.28561   0.25512   0.22826
   0.20458   0.18367   0.16519   0.14884   0.13434   0.12147   0.11002   0.09983
   0.09073   0.08260   0.07533   0.06880   0.06294   0.05767   0.05291   0.04862
   0.04475   0.04123   0.03805   0.03516   0.03253   0.03013   0.02795   0.02595
   0.02413   0.02246   0.02092   0.01952   0.01822   0.01703   0.01594   0.01492
   0.01399   0.01313   0.01233   0.01159   0.01090   0.01026   0.00967   0.00912
   0.00861   0.00813   0.00769   0.00727   0.00688   0.00652   0.00618   0.00586
   0.00556   0.00528   0.00502   0.00477   0.00454   0.00432   0.00412   0.00392
   0.00374   0.00357   0.00341   0.00325   0.00311   0.00297   0.00284   0.00272
   0.00260   0.00249   0.00239   0.00229   0.00220   0.00211   0.00202   0.00194
   0.00186   0.00179   0.00172   0.00166   0.00159   0.00153   0.00148   0.00142
   0.00137   0.00132   0.00127   0.00123   0.00118   0.00114   0.00110   0.00106
   0.00103   0.00099   0.00096   0.00093   0.00090   0.00087   0.00084   0.00081
   0.00079
  
   2.00000   1.98365   1.93585   1.86017   1.76188   1.64718   1.52237   1.39323
   1.26459   1.14019   1.02261   0.91349   0.81364   0.72328   0.64220   0.56990
   0.50575   0.44902   0.39897   0.35487   0.31605   0.28188   0.25179   0.22529
   0.20192   0.18129   0.16305   0.14692   0.13261   0.11991   0.10861   0.09855
   0.08958   0.08155   0.07437   0.06793   0.06214   0.05694   0.05225   0.04801
   0.04418   0.04072   0.03757   0.03472   0.03212   0.02976   0.02760   0.02563
   0.02383   0.02218   0.02066   0.01927   0.01800   0.01682   0.01574   0.01474
   0.01382   0.01297   0.01218   0.01144   0.01077   0.01014   0.00955   0.00901
   0.00850   0.00803   0.00759   0.00718   0.00680   0.00644   0.00610   0.00579
   0.00549   0.00522   0.00496   0.00471   0.00448   0.00427   0.00407   0.00388
   0.00369   0.00353   0.00336   0.00321   0.00307   0.00294   0.00281   0.00269
   0.00257   0.00246   0.00236   0.00226   0.00217   0.00208   0.00200   0.00192
   0.00184   0.00177   0.00170   0.00164   0.00157   0.00151   0.00146   0.00140
   0.00135   0.00130   0.00126   0.00121   0.00117   0.00113   0.00109   0.00105
   0.00101   0.00098   0.00095   0.00092   0.00089   0.00086   0.00083   0.00080
   0.00078
  
   1.00000   0.72389   0.27921   0.04346  -0.02031  -0.02117  -0.00971  -0.00008
   0.00580   0.00880   0.00997   0.01011   0.00969   0.00900   0.00821   0.00741
   0.00664   0.00593   0.00529   0.00471   0.00419   0.00373   0.00333   0.00297
   0.00266   0.00238   0.00214   0.00192   0.00173   0.00156   0.00141   0.00128
   0.00116   0.00105   0.00096   0.00087   0.00080   0.00073   0.00067   0.00061
   0.00056   0.00052   0.00048   0.00044   0.00041   0.00038   0.00035   0.00032
   0.00030   0.00028   0.00026   0.00024   0.00023   0.00021   0.00020   0.00018
   0.00017   0.00016   0.00015   0.00014   0.00013   0.00013   0.00012   0.00011
   0.00011   0.00010   0.00009   0.00009   0.00008   0.00008   0.00008   0.00007
   0.00007   0.00006   0.00006   0.00006   0.00006   0.00005   0.00005   0.00005
   0.00005   0.00004   0.00004   0.00004   0.00004   0.00004   0.00003   0.00003
   0.00003   0.00003   0.00003   0.00003   0.00003   0.00003   0.00002   0.00002
   0.00002   0.00002   0.00002   0.00002   0.00002   0.00002   0.00002   0.00002
   0.00002   0.00002   0.00002   0.00001   0.00001   0.00001   0.00001   0.00001
   0.00001   0.00001   0.00001   0.00001   0.00001   0.00001   0.00001   0.00001
   0.00001