Core subshells:
  1s   2s   2p-  2p   3s   3p-  3p   3d-  3d   4s   4p-  4p   4d-  4d   5s   5p-  5p 

Valence subshells:
  4f-  4f  5d-  5d  6s 

Populations:

        2.0000000000        2.0000000000        2.0000000000        4.0000000000
        2.0000000000        2.0000000000        4.0000000000        4.0000000000
        6.0000000000        2.0000000000        2.0000000000        4.0000000000
        4.0000000000        6.0000000000        2.0000000000        2.0000000000
        4.0000000000        6.0000000000        8.0000000000        1.0000000000
        2.0000000000

  71.00000  69.70727  66.78872  63.47724  60.10291  56.68249  53.28144  49.99761
  46.90483  44.03711  41.39690  38.96906  36.73212  34.66517  32.75097  30.97660
  29.33287  27.81318  26.41238  25.12584  23.94878  22.87588  21.90113  21.01781
  20.21864  19.49593  18.84181  18.24841  17.70806  17.21344  16.75772  16.33462
  15.93850  15.56438  15.20793  14.86548  14.53397  14.21090  13.89431  13.58272
  13.27504  12.97057  12.66887  12.36980  12.07338  11.77983  11.48947  11.20270
  10.91999  10.64183  10.36873  10.10118   9.83965   9.58458   9.33636   9.09534
   8.86181   8.63600   8.41810   8.20823   8.00648   7.81285   7.62734   7.44987
   7.28033   7.11859   6.96448   6.81777   6.67826   6.54570   6.41982   6.30035
   6.18700   6.07948   5.97750   5.88076   5.78896   5.70181   5.61903   5.54032
   5.46541   5.39404   5.32594   5.26087   5.19859   5.13888   5.08152   5.02631
   4.97304   4.92156   4.87168   4.82324   4.77611   4.73014   4.68521   4.64121
   4.59802   4.55555   4.51372   4.47245   4.43165   4.39128   4.35127   4.31157
   4.27215   4.23295   4.19395   4.15512   4.11644   4.07789   4.03945   4.00111
   3.96287   3.92471   3.88664   3.84865   3.81075   3.77293   3.73521   3.69759
   3.66008
  
  54.00000  53.57248  52.36017  50.54557  48.36141  46.02885  43.71654  41.52706
  39.50461  37.65268  35.95250  34.37750  32.90236  31.50740  30.17979  28.91281
  27.70430  26.55497  25.46686  24.44218  23.48253  22.58843  21.75915  20.99272
  20.28605  19.63519  19.03553  18.48204  17.96952  17.49281  17.04689  16.62708
  16.22906  15.84899  15.48349  15.12968  14.78517  14.44802  14.11670  13.79009
  13.46740  13.14814  12.83207  12.51915  12.20953  11.90346  11.60132  11.30353
  11.01057  10.72291  10.44105  10.16546   9.89657   9.63479   9.38048   9.13393
   8.89542   8.66513   8.44320   8.22974   8.02477   7.82829   7.64024   7.46054
   7.28903   7.12556   6.96993   6.82190   6.68125   6.54769   6.42095   6.30074
   6.18677   6.07872   5.97629   5.87918   5.78707   5.69966   5.61667   5.53780
   5.46276   5.39129   5.32313   5.25801   5.19571   5.13598   5.07862   5.02342
   4.97018   4.91873   4.86888   4.82049   4.77340   4.72747   4.68259   4.63864
   4.59550   4.55309   4.51131   4.47009   4.42934   4.38902   4.34906   4.30941
   4.27003   4.23088   4.19193   4.15315   4.11451   4.07600   4.03760   3.99931
   3.96110   3.92298   3.88495   3.84700   3.80913   3.77135   3.73367   3.69608
   3.65860
  
   1.00000   0.98834   0.95465   0.90243   0.83644   0.76174   0.68293   0.60374
   0.52698   0.45457   0.38771   0.32703   0.27274   0.22476   0.18281   0.14649
   0.11532   0.08881   0.06645   0.04777   0.03229   0.01960   0.00930   0.00107
  -0.00542  -0.01044  -0.01422  -0.01697  -0.01888  -0.02008  -0.02073  -0.02092
  -0.02076  -0.02032  -0.01967  -0.01886  -0.01795  -0.01696  -0.01593  -0.01488
  -0.01383  -0.01280  -0.01180  -0.01083  -0.00991  -0.00904  -0.00821  -0.00744
  -0.00672  -0.00605  -0.00543  -0.00486  -0.00433  -0.00385  -0.00341  -0.00301
  -0.00265  -0.00232  -0.00202  -0.00176  -0.00151  -0.00130  -0.00110  -0.00093
  -0.00078  -0.00064  -0.00052  -0.00041  -0.00032  -0.00024  -0.00017  -0.00010
  -0.00005   0.00000   0.00004   0.00007   0.00010   0.00012   0.00014   0.00016
   0.00017   0.00018   0.00019   0.00020   0.00020   0.00021   0.00021   0.00021
   0.00020   0.00020   0.00020   0.00020   0.00019   0.00019   0.00018   0.00018
   0.00017   0.00017   0.00016   0.00016   0.00015   0.00015   0.00014   0.00014
   0.00013   0.00013   0.00012   0.00012   0.00011   0.00011   0.00010   0.00010
   0.00009   0.00009   0.00009   0.00008   0.00008   0.00007   0.00007   0.00007
   0.00007
  
   1.00000   0.85123   0.54646   0.28172   0.11546   0.02825  -0.01030  -0.02244
  -0.02173  -0.01576  -0.00853  -0.00194   0.00323   0.00682   0.00898   0.00995
   0.01003   0.00948   0.00852   0.00735   0.00609   0.00485   0.00370   0.00267
   0.00178   0.00105   0.00048   0.00004  -0.00027  -0.00048  -0.00058  -0.00061
  -0.00058  -0.00050  -0.00038  -0.00024  -0.00008   0.00009   0.00025   0.00041
   0.00057   0.00071   0.00084   0.00096   0.00106   0.00115   0.00122   0.00127
   0.00131   0.00134   0.00136   0.00136   0.00135   0.00134   0.00132   0.00128
   0.00125   0.00121   0.00116   0.00111   0.00106   0.00100   0.00095   0.00089
   0.00084   0.00078   0.00072   0.00067   0.00062   0.00056   0.00051   0.00046
   0.00042   0.00037   0.00033   0.00029   0.00025   0.00021   0.00018   0.00015
   0.00012   0.00009   0.00006   0.00004   0.00002   0.00000  -0.00002  -0.00004
  -0.00006  -0.00007  -0.00008  -0.00010  -0.00011  -0.00012  -0.00012  -0.00013
  -0.00014  -0.00014  -0.00015  -0.00015  -0.00015  -0.00016  -0.00016  -0.00016
  -0.00016  -0.00016  -0.00016  -0.00016  -0.00016  -0.00016  -0.00016  -0.00016
  -0.00015  -0.00015  -0.00015  -0.00015  -0.00015  -0.00014  -0.00014  -0.00014
  -0.00013
  
   1.00000   0.72339   0.25847   0.00797  -0.04206  -0.01950   0.00712   0.02033
   0.02214   0.01812   0.01251   0.00756   0.00410   0.00217   0.00144   0.00152
   0.00204   0.00270   0.00333   0.00380   0.00407   0.00413   0.00401   0.00373
   0.00336   0.00291   0.00244   0.00198   0.00154   0.00115   0.00081   0.00054
   0.00033   0.00018   0.00009   0.00005   0.00006   0.00010   0.00016   0.00025
   0.00035   0.00046   0.00057   0.00068   0.00079   0.00088   0.00097   0.00104
   0.00110   0.00114   0.00118   0.00120   0.00120   0.00120   0.00118   0.00116
   0.00112   0.00108   0.00103   0.00098   0.00093   0.00087   0.00081   0.00075
   0.00068   0.00062   0.00056   0.00051   0.00045   0.00040   0.00035   0.00030
   0.00026   0.00022   0.00018   0.00015   0.00012   0.00010   0.00008   0.00006
   0.00005   0.00003   0.00003   0.00002   0.00002   0.00002   0.00002   0.00002
   0.00003   0.00003   0.00004   0.00005   0.00006   0.00007   0.00008   0.00010
   0.00011   0.00012   0.00014   0.00015   0.00017   0.00018   0.00019   0.00021
   0.00022   0.00023   0.00024   0.00025   0.00027   0.00028   0.00029   0.00029
   0.00030   0.00031   0.00032   0.00033   0.00033   0.00034   0.00034   0.00035
   0.00035