Core subshells:
  1s   2s   2p-  2p 

Valence subshells:
  3s 

Populations:

        2.0000000000        2.0000000000        2.0000000000        4.0000000000
        2.0000000000

  12.00000  11.50728  10.47235   9.50187   8.73548   8.07765   7.44662   6.81687
   6.19452   5.59522   5.03358   4.51964   4.05853   3.65140   3.29652   2.99033
   2.72826   2.50528   2.31638   2.15676   2.02200   1.90816   1.81175   1.72975
   1.65960   1.59911   1.54644   1.50007   1.45874   1.42141   1.38725   1.35556
   1.32581   1.29756   1.27045   1.24423   1.21869   1.19366   1.16904   1.14473
   1.12069   1.09687   1.07325   1.04982   1.02657   1.00352   0.98067   0.95804
   0.93564   0.91349   0.89160   0.87000   0.84869   0.82770   0.80704   0.78671
   0.76674   0.74712   0.72788   0.70901   0.69052   0.67242   0.65471   0.63739
   0.62046   0.60392   0.58778   0.57202   0.55665   0.54166   0.52705   0.51282
   0.49895   0.48545   0.47230   0.45951   0.44706   0.43496   0.42318   0.41173
   0.40060   0.38978   0.37926   0.36904   0.35911   0.34946   0.34009   0.33098
   0.32214   0.31355   0.30521   0.29711   0.28924   0.28160   0.27418   0.26698
   0.25999   0.25320   0.24660   0.24020   0.23398   0.22794   0.22208   0.21638
   0.21086   0.20549   0.20027   0.19521   0.19029   0.18551   0.18087   0.17636
   0.17198   0.16772   0.16359   0.15957   0.15566   0.15187   0.14818   0.14460
   0.14112   0.00000   0.00000   0.00000   0.00000   0.00000   0.00000   0.00000
  
  10.00000   9.91302   9.65936   9.25943   8.74318   8.14546   7.50151   6.84329
   6.19715   5.58289   5.01382   4.49759   4.03725   3.63248   3.28061   2.97752
   2.71832   2.49787   2.31109   2.15319   2.01980   1.90700   1.81136   1.72991
   1.66012   1.59985   1.54728   1.50093   1.45955   1.42213   1.38783   1.35600
   1.32608   1.29766   1.27039   1.24400   1.21830   1.19313   1.16837   1.14394
   1.11978   1.09586   1.07215   1.04863   1.02532   1.00221   0.97931   0.95664
   0.93420   0.91203   0.89012   0.86850   0.84719   0.82619   0.80553   0.78521
   0.76524   0.74564   0.72641   0.70756   0.68909   0.67101   0.65332   0.63602
   0.61912   0.60261   0.58648   0.57075   0.55541   0.54045   0.52586   0.51166
   0.49782   0.48434   0.47122   0.45846   0.44604   0.43395   0.42220   0.41078
   0.39967   0.38887   0.37838   0.36818   0.35827   0.34865   0.33929   0.33021
   0.32139   0.31282   0.30450   0.29641   0.28857   0.28094   0.27354   0.26636
   0.25938   0.25260   0.24603   0.23964   0.23343   0.22741   0.22156   0.21588
   0.21037   0.20501   0.19981   0.19475   0.18985   0.18508   0.18045   0.17595
   0.17158   0.16733   0.16321   0.15920   0.15531   0.15152   0.14784   0.14427
   0.14079   0.00000   0.00000   0.00000   0.00000   0.00000   0.00000   0.00000
  
   1.00000   0.79713   0.40650   0.12122  -0.00385  -0.03390  -0.02744  -0.01321
  -0.00132   0.00616   0.00988   0.01103   0.01064   0.00946   0.00795   0.00641
   0.00497   0.00371   0.00264   0.00178   0.00110   0.00058   0.00019  -0.00008
  -0.00026  -0.00037  -0.00042  -0.00043  -0.00040  -0.00036  -0.00029  -0.00022
  -0.00014  -0.00005   0.00003   0.00011   0.00019   0.00027   0.00034   0.00040
   0.00046   0.00051   0.00055   0.00059   0.00063   0.00066   0.00068   0.00070
   0.00072   0.00073   0.00074   0.00075   0.00075   0.00075   0.00075   0.00075
   0.00075   0.00074   0.00073   0.00073   0.00072   0.00071   0.00070   0.00068
   0.00067   0.00066   0.00065   0.00063   0.00062   0.00061   0.00059   0.00058
   0.00057   0.00055   0.00054   0.00053   0.00051   0.00050   0.00049   0.00048
   0.00046   0.00045   0.00044   0.00043   0.00042   0.00041   0.00040   0.00039
   0.00038   0.00037   0.00036   0.00035   0.00034   0.00033   0.00032   0.00031
   0.00030   0.00030   0.00029   0.00028   0.00027   0.00027   0.00026   0.00025
   0.00024   0.00024   0.00023   0.00023   0.00022   0.00021   0.00021   0.00020
   0.00020   0.00019   0.00019   0.00018   0.00018   0.00017   0.00017   0.00017
   0.00016   0.00000   0.00000   0.00000   0.00000   0.00000   0.00000   0.00000