Core subshells:                                                                  
  1s   2s   2p-  2p   3s   3p-  3p                                               
                                                                                 
Valence subshells:                                                               
  3d-  3d   4s                                                                   
                                                                                 
Population:                                                              
                                                                            
        2.0000000000        2.0000000000        2.0000000000        4.0000000000 
        2.0000000000        2.0000000000        4.0000000000        2.0315929074 
        2.9684070926        2.0000000000                                                                                                                                                                                                       
  25.00000  24.27485  22.62115  20.79279  19.05480  17.40877  15.84463  14.38226
  13.04996  11.86793  10.84352   9.97247   9.24227   8.63558   8.13311   7.71561
   7.36523   7.06625   6.80541   6.57194   6.35737   6.15529   5.96105   5.77144
   5.58441   5.39881   5.21413   5.03037   4.84784   4.66706   4.48866   4.31332
   4.14170   3.97444   3.81208   3.65511   3.50390   3.35877   3.21993   3.08752
   2.96160   2.84216   2.72916   2.62247   2.52195   2.42742   2.33866   2.25546
   2.17755   2.10469   2.03661   1.97305   1.91375   1.85844   1.80688   1.75881
   1.71399   1.67220   1.63322   1.59683   1.56285   1.53107   1.50133   1.47346
   1.44730   1.42272   1.39957   1.37773   1.35708   1.33752   1.31895   1.30127
   1.28441   1.26828   1.25282   1.23795   1.22363   1.20980   1.19640   1.18340
   1.17075   1.15842   1.14638   1.13459   1.12303   1.11167   1.10050   1.08949
   1.07864   1.06791   1.05730   1.04680   1.03640   1.02609   1.01586   1.00571
   0.99562   0.98560   0.97564   0.96573   0.95588   0.94608   0.93633   0.92663
   0.91698   0.90738   0.89782   0.88831   0.87885   0.86944   0.86008   0.85077
   0.84150   0.83229   0.82313   0.81403   0.80498   0.79598   0.78704   0.77816
   0.76934
  
  18.00000  17.85051  17.41686  16.74013  15.88033  14.90553  13.88207  12.86741
  11.90515  11.02419  10.23997   9.55659   8.97018   8.47128   8.04792   7.68698
   7.37585   7.10294   6.85838   6.63393   6.42315   6.22133   6.02493   5.83164
   5.64002   5.44934   5.25952   5.07076   4.88346   4.69816   4.51568   4.33672
   4.16183   3.99172   3.82687   3.66767   3.51459   3.36780   3.22759   3.09406
   2.96713   2.84683   2.73315   2.62586   2.52483   2.42987   2.34077   2.25729
   2.17917   2.10605   2.03785   1.97417   1.91471   1.85931   1.80760   1.75952
   1.71464   1.67280   1.63376   1.59733   1.56327   1.53147   1.50174   1.47378
   1.44759   1.42302   1.39977   1.37797   1.35727   1.33766   1.31906   1.30135
   1.28449   1.26829   1.25284   1.23799   1.22357   1.20970   1.19635   1.18327
   1.17062   1.15830   1.14621   1.13444   1.12280   1.11146   1.10022   1.08926
   1.07831   1.06762   1.05699   1.04649   1.03602   1.02574   1.01552   1.00533
   0.99522   0.98517   0.97521   0.96530   0.95542   0.94565   0.93587   0.92613
   0.91655   0.90696   0.89733   0.88782   0.87840   0.86899   0.85958   0.85029
   0.84101   0.83183   0.82267   0.81355   0.80444   0.79547   0.78656   0.77768
   0.76891
  
   1.00000   0.97004   0.88770   0.77136   0.64171   0.51506   0.40127   0.30463
   0.22572   0.16312   0.11458   0.07762   0.04997   0.02962   0.01492   0.00453
  -0.00262  -0.00735  -0.01031  -0.01197  -0.01271  -0.01282  -0.01249  -0.01189
  -0.01111  -0.01025  -0.00936  -0.00847  -0.00762  -0.00681  -0.00606  -0.00537
  -0.00474  -0.00418  -0.00367  -0.00322  -0.00282  -0.00246  -0.00215  -0.00187
  -0.00163  -0.00142  -0.00123  -0.00107  -0.00093  -0.00080  -0.00070  -0.00060
  -0.00052  -0.00045  -0.00038  -0.00033  -0.00028  -0.00024  -0.00021  -0.00017
  -0.00015  -0.00012  -0.00010  -0.00009  -0.00007  -0.00006  -0.00005  -0.00004
  -0.00003  -0.00002  -0.00001  -0.00001   0.00000   0.00000   0.00000   0.00001
   0.00001   0.00001   0.00001   0.00001   0.00001   0.00002   0.00002   0.00002
   0.00002   0.00002   0.00002   0.00002   0.00002   0.00002   0.00002   0.00002
   0.00002   0.00002   0.00001   0.00001   0.00001   0.00001   0.00001   0.00001
   0.00001   0.00001   0.00001   0.00001   0.00001   0.00001   0.00001   0.00001
   0.00001   0.00001   0.00001   0.00001   0.00001   0.00001   0.00001   0.00001
   0.00001   0.00001   0.00001   0.00001   0.00001   0.00001   0.00001   0.00001
   0.00000

   1.00000   0.78706   0.38293   0.09793  -0.01702  -0.03601  -0.02192  -0.00415
   0.00812   0.01405   0.01533   0.01386   0.01113   0.00810   0.00529   0.00298
   0.00123   0.00003  -0.00071  -0.00106  -0.00113  -0.00099  -0.00073  -0.00039
  -0.00002   0.00035   0.00069   0.00100   0.00125   0.00146   0.00161   0.00172
   0.00179   0.00181   0.00180   0.00177   0.00171   0.00163   0.00154   0.00143
   0.00133   0.00121   0.00110   0.00099   0.00088   0.00078   0.00068   0.00059
   0.00050   0.00042   0.00035   0.00028   0.00022   0.00017   0.00012   0.00008
   0.00005   0.00001  -0.00001  -0.00003  -0.00005  -0.00006  -0.00007  -0.00008
  -0.00009  -0.00009  -0.00009  -0.00009  -0.00008  -0.00008  -0.00007  -0.00006
  -0.00005  -0.00005  -0.00004  -0.00003  -0.00002  -0.00001   0.00001   0.00002
   0.00003   0.00004   0.00005   0.00006   0.00007   0.00008   0.00009   0.00010
   0.00011   0.00012   0.00012   0.00013   0.00014   0.00015   0.00015   0.00016
   0.00017   0.00017   0.00018   0.00018   0.00019   0.00019   0.00020   0.00020
   0.00021   0.00021   0.00021   0.00022   0.00022   0.00022   0.00022   0.00022
   0.00023   0.00023   0.00023   0.00023   0.00023   0.00023   0.00023   0.00023
   0.00023