Core subshells:
  1s   2s   2p-  2p   3s   3p-  3p   3d-  3d   4s   4p-  4p 

Valence subshells:
  4d-  4d   5s 

Populations:

        2.0000000000        2.0000000000        2.0000000000        4.0000000000
        2.0000000000        2.0000000000        4.0000000000        4.0000000000
        6.0000000000        2.0000000000        2.0000000000        4.0000000000
        2.0772719072        2.9227280928        1.0000000000
 
  42.00000  41.04041  38.72101  35.94580  33.20137  30.65683  28.37064  26.35997
  24.61520  23.10734  21.79648  20.63983  19.59777  18.63741  17.73400  16.87075
  16.03778  15.23058  14.44848  13.69324  12.96788  12.27581  11.62024  11.00378
  10.42820   9.89442   9.40248   8.95166   8.54057   8.16727   7.82947   7.52455
   7.24976   7.00229   6.77931   6.57810   6.39604   6.23068   6.07975   5.94117
   5.81307   5.69377   5.58178   5.47582   5.37477   5.27767   5.18371   5.09222
   5.00264   4.91454   4.82755   4.74141   4.65593   4.57095   4.48640   4.40223
   4.31842   4.23500   4.15201   4.06949   3.98752   3.90619   3.82556   3.74573
   3.66679   3.58883   3.51192   3.43614   3.36158   3.28829   3.21635   3.14581
   3.07672   3.00913   2.94306   2.87856   2.81565   2.75434   2.69465   2.63658
   2.58014   2.52533   2.47214   2.42055   2.37056   2.32214   2.27528   2.22994
   2.18611   2.14375   2.10284   2.06333   2.02521   1.98843   1.95296   1.91877
   1.88581   1.85405   1.82345   1.79397   1.76559   1.73825   1.71193   1.68659
   1.66219   1.63870   1.61607   1.59429   1.57331   1.55311   1.53364   1.51489
   1.49681   1.47939   1.46258   1.44637   1.43073   1.41563   1.40105   1.38696
   1.37334
  
  36.00000  35.68173  34.77142  33.38917  31.69707  29.86031  28.01700  26.26287
  24.65008  23.19506  21.88996  20.71381  19.64115  18.64786  17.71415  16.82571
  15.97354  15.15306  14.36301  13.60431  12.87908  12.18988  11.53915  10.92883
  10.36017   9.83367   9.34904   8.90534   8.50100   8.13400   7.80196   7.50224
   7.23211   6.98874   6.76935   6.57124   6.39184   6.22873   6.07969   5.94268
   5.81586   5.69759   5.58642   5.48109   5.38051   5.28373   5.18999   5.09861
   5.00907   4.92093   4.83386   4.74759   4.66194   4.57678   4.49201   4.40761
   4.32357   4.23991   4.15667   4.07391   3.99171   3.91014   3.82928   3.74924
   3.67008   3.59191   3.51481   3.43885   3.36410   3.29065   3.21855   3.14786
   3.07863   3.01091   2.94472   2.88010   2.81708   2.75567   2.69588   2.63773
   2.58121   2.52632   2.47306   2.42141   2.37135   2.32288   2.27596   2.23057
   2.18670   2.14429   2.10334   2.06380   2.02565   1.98884   1.95334   1.91912
   1.88613   1.85435   1.82373   1.79424   1.76583   1.73848   1.71214   1.68679
   1.66237   1.63887   1.61623   1.59444   1.57345   1.55324   1.53376   1.51500
   1.49691   1.47948   1.46267   1.44646   1.43081   1.41570   1.40111   1.38702
   1.37339
  
   1.00000   0.92182   0.72903   0.50449   0.30911   0.16543   0.07166   0.01693
  -0.01066  -0.02094  -0.02116  -0.01622  -0.00922  -0.00203   0.00437   0.00953
   0.01334   0.01587   0.01729   0.01781   0.01762   0.01691   0.01585   0.01456
   0.01314   0.01168   0.01024   0.00885   0.00755   0.00634   0.00524   0.00425
   0.00337   0.00260   0.00192   0.00133   0.00083   0.00040   0.00004  -0.00026
  -0.00051  -0.00071  -0.00088  -0.00100  -0.00110  -0.00118  -0.00123  -0.00126
  -0.00127  -0.00128  -0.00127  -0.00125  -0.00123  -0.00120  -0.00116  -0.00113
  -0.00108  -0.00104  -0.00100  -0.00095  -0.00091  -0.00087  -0.00082  -0.00078
  -0.00074  -0.00070  -0.00066  -0.00062  -0.00059  -0.00055  -0.00052  -0.00049
  -0.00046  -0.00043  -0.00040  -0.00038  -0.00035  -0.00033  -0.00031  -0.00029
  -0.00027  -0.00025  -0.00023  -0.00022  -0.00020  -0.00019  -0.00017  -0.00016
  -0.00015  -0.00014  -0.00013  -0.00012  -0.00011  -0.00010  -0.00009  -0.00009
  -0.00008  -0.00007  -0.00007  -0.00006  -0.00006  -0.00005  -0.00005  -0.00004
  -0.00004  -0.00004  -0.00003  -0.00003  -0.00003  -0.00003  -0.00002  -0.00002
  -0.00002  -0.00002  -0.00002  -0.00001  -0.00001  -0.00001  -0.00001  -0.00001
  -0.00001
  
   1.00000   0.74958   0.30444   0.03420  -0.04126  -0.03062  -0.00467   0.01245
   0.01840   0.01701   0.01234   0.00712   0.00273  -0.00030  -0.00200  -0.00261
  -0.00245  -0.00182  -0.00098  -0.00010   0.00071   0.00137   0.00185   0.00216
   0.00231   0.00233   0.00223   0.00206   0.00184   0.00158   0.00131   0.00105
   0.00080   0.00057   0.00037   0.00020   0.00006  -0.00006  -0.00014  -0.00020
  -0.00024  -0.00026  -0.00026  -0.00025  -0.00022  -0.00019  -0.00015  -0.00011
  -0.00006  -0.00002   0.00003   0.00008   0.00012   0.00017   0.00021   0.00024
   0.00027   0.00030   0.00033   0.00035   0.00037   0.00038   0.00040   0.00040
   0.00041   0.00041   0.00041   0.00041   0.00041   0.00040   0.00039   0.00038
   0.00037   0.00036   0.00035   0.00034   0.00032   0.00031   0.00030   0.00028
   0.00027   0.00025   0.00024   0.00022   0.00021   0.00020   0.00018   0.00017
   0.00016   0.00015   0.00013   0.00012   0.00011   0.00010   0.00009   0.00008
   0.00007   0.00006   0.00006   0.00005   0.00004   0.00004   0.00003   0.00002
   0.00002   0.00001   0.00001   0.00001   0.00000   0.00000   0.00000  -0.00001
  -0.00001  -0.00001  -0.00001  -0.00001  -0.00001  -0.00002  -0.00002  -0.00002
  -0.00002