Core subshells:
  1s 

Valence subshells:
  2s   2p-  2p 

Populations:

        2.0000000000        2.0000000000        1.0024899891        1.9975100109
 
   7.00000   6.78380   6.20373   5.42088   4.60137   3.85838   3.24325   2.76322
   2.40255   2.13748   1.94433   1.80290   1.69734   1.61589   1.55011   1.49414
   1.44406   1.39729   1.35224   1.30797   1.26398   1.22006   1.17618   1.13243
   1.08893   1.04585   1.00336   0.96161   0.92075   0.88088   0.84212   0.80453
   0.76819   0.73313   0.69938   0.66695   0.63585   0.60605   0.57755   0.55032
   0.52433   0.49954   0.47592   0.45343   0.43203   0.41167   0.39232   0.37392
   0.35644   0.33983   0.32406   0.30908   0.29486   0.28135   0.26853   0.25635
   0.24479   0.23381   0.22339   0.21348   0.20408   0.19514   0.18665   0.17858
   0.17090   0.16361   0.15667   0.15008   0.14380   0.13783   0.13214   0.12673
   0.12157   0.11666   0.11198   0.10752   0.10327   0.09921   0.09534   0.09165
   0.08813   0.08477   0.08156   0.07849   0.07556   0.07276   0.07008   0.06752
   0.06507   0.06272   0.06048   0.05833   0.05627   0.05430   0.05241   0.05060
   0.04887   0.04720   0.04561   0.04408   0.04261   0.04119   0.03984   0.03854
   0.03729   0.03609   0.03493   0.03382   0.03275   0.03173   0.03074   0.02979
   0.02887   0.02799   0.02714   0.02632   0.02554   0.02478   0.02405   0.02334
   0.02266
  
   2.00000   1.99736   1.98946   1.97643   1.95843   1.93568   1.90848   1.87713
   1.84198   1.80341   1.76182   1.71760   1.67116   1.62289   1.57319   1.52243
   1.47094   1.41907   1.36711   1.31533   1.26399   1.21328   1.16342   1.11455
   1.06682   1.02033   0.97519   0.93145   0.88918   0.84840   0.80915   0.77142
   0.73521   0.70052   0.66731   0.63557   0.60526   0.57634   0.54877   0.52251
   0.49751   0.47372   0.45110   0.42960   0.40917   0.38976   0.37133   0.35383
   0.33721   0.32144   0.30648   0.29227   0.27879   0.26600   0.25386   0.24233
   0.23139   0.22101   0.21114   0.20178   0.19289   0.18444   0.17641   0.16879
   0.16154   0.15464   0.14809   0.14186   0.13593   0.13028   0.12491   0.11980
   0.11493   0.11029   0.10587   0.10166   0.09764   0.09381   0.09015   0.08667
   0.08334   0.08016   0.07713   0.07423   0.07146   0.06881   0.06628   0.06386
   0.06155   0.05933   0.05721   0.05518   0.05323   0.05137   0.04959   0.04788
   0.04624   0.04466   0.04315   0.04171   0.04032   0.03898   0.03770   0.03647
   0.03529   0.03415   0.03306   0.03201   0.03100   0.03003   0.02910   0.02820
   0.02733   0.02650   0.02569   0.02492   0.02418   0.02346   0.02276   0.02210
   0.02145
  
   1.00000   0.96139   0.85564   0.70788   0.54711   0.39650   0.26944   0.17047
   0.09834   0.04888   0.01714  -0.00155  -0.01110  -0.01455  -0.01415  -0.01149
  -0.00767  -0.00342   0.00081   0.00474   0.00823   0.01121   0.01369   0.01567
   0.01720   0.01834   0.01912   0.01962   0.01986   0.01989   0.01976   0.01950
   0.01913   0.01867   0.01816   0.01760   0.01701   0.01640   0.01578   0.01516
   0.01454   0.01393   0.01334   0.01276   0.01219   0.01165   0.01112   0.01062
   0.01013   0.00967   0.00922   0.00880   0.00839   0.00801   0.00764   0.00729
   0.00696   0.00664   0.00634   0.00605   0.00578   0.00552   0.00528   0.00504
   0.00482   0.00461   0.00441   0.00422   0.00404   0.00386   0.00370   0.00355
   0.00340   0.00326   0.00312   0.00299   0.00287   0.00276   0.00265   0.00254
   0.00244   0.00234   0.00225   0.00217   0.00208   0.00200   0.00193   0.00186
   0.00179   0.00172   0.00166   0.00160   0.00154   0.00148   0.00143   0.00138
   0.00133   0.00129   0.00124   0.00120   0.00116   0.00112   0.00108   0.00105
   0.00101   0.00098   0.00095   0.00091   0.00089   0.00086   0.00083   0.00080
   0.00078   0.00075   0.00073   0.00071   0.00069   0.00067   0.00065   0.00063
   0.00061
  
   1.00000   0.95455   0.83433   0.67623   0.51624   0.37657   0.26530   0.18172
   0.12130   0.07877   0.04941   0.02947   0.01613   0.00737   0.00174  -0.00177
  -0.00385  -0.00498  -0.00550  -0.00562  -0.00549  -0.00522  -0.00487  -0.00449
  -0.00410  -0.00372  -0.00336  -0.00302  -0.00272  -0.00244  -0.00219  -0.00196
  -0.00176  -0.00158  -0.00141  -0.00127  -0.00114  -0.00103  -0.00092  -0.00083
  -0.00075  -0.00068  -0.00062  -0.00056  -0.00051  -0.00046  -0.00042  -0.00038
  -0.00035  -0.00032  -0.00029  -0.00026  -0.00024  -0.00022  -0.00020  -0.00019
  -0.00017  -0.00016  -0.00015  -0.00013  -0.00012  -0.00011  -0.00011  -0.00010
  -0.00009  -0.00008  -0.00008  -0.00007  -0.00007  -0.00006  -0.00006  -0.00005
  -0.00005  -0.00005  -0.00004  -0.00004  -0.00004  -0.00004  -0.00003  -0.00003
  -0.00003  -0.00003  -0.00003  -0.00002  -0.00002  -0.00002  -0.00002  -0.00002
  -0.00002  -0.00002  -0.00002  -0.00001  -0.00001  -0.00001  -0.00001  -0.00001
  -0.00001  -0.00001  -0.00001  -0.00001  -0.00001  -0.00001  -0.00001  -0.00001
  -0.00001  -0.00001  -0.00001  -0.00001  -0.00001  -0.00001  -0.00001  -0.00001
   0.00000   0.00000   0.00000   0.00000   0.00000   0.00000   0.00000   0.00000
   0.00000