Core subshells:
  1s   2s   2p-  2p 

Valence subshells:
  3s 

Populations:

        2.0000000000        2.0000000000        2.0000000000         4.00000000 
        1.0000000000

  11.00000  10.56776   9.76015   9.02669   8.33542   7.61839   6.88109   6.15558
   5.47128   4.84735   4.29317   3.81078   3.39735   3.04724   2.75341   2.50839
   2.30495   2.13639   1.99672   1.88075   1.78403   1.70281   1.63399   1.57499
   1.52372   1.47849   1.43795   1.40101   1.36681   1.33469   1.30413   1.27474
   1.24621   1.21833   1.19093   1.16391   1.13719   1.11072   1.08448   1.05846
   1.03266   1.00710   0.98180   0.95677   0.93203   0.90762   0.88355   0.85984
   0.83652   0.81360   0.79110   0.76903   0.74741   0.72625   0.70555   0.68532
   0.66557   0.64629   0.62749   0.60917   0.59133   0.57395   0.55705   0.54062
   0.52464   0.50911   0.49403   0.47939   0.46517   0.45138   0.43799   0.42501
   0.41243   0.40022   0.38839   0.37693   0.36582   0.35506   0.34463   0.33453
   0.32474   0.31527   0.30609   0.29721   0.28860   0.28027   0.27220   0.26439
   0.25682   0.24950   0.24240   0.23553   0.22888   0.22244   0.21621   0.21017
   0.20432   0.19866   0.19317   0.18786   0.18271   0.17772   0.17289   0.16821
   0.16367   0.15928   0.15502   0.15089   0.14689   0.14301   0.13926   0.13561
   0.13208   0.12865   0.12533   0.12210   0.11898   0.11594   0.11300   0.11014
   0.10737   0.00000   0.00000   0.00000   0.00000   0.00000   0.00000   0.00000
  
  10.00000   9.88248   9.54365   9.02114   8.36741   7.63887   6.88689   6.15235
   5.46392   4.83883   4.28504   3.80372   3.39159   3.04275   2.75005   2.50599
   2.30333   2.13538   1.99618   1.88055   1.78407   1.70302   1.63429   1.57533
   1.52407   1.47883   1.43825   1.40126   1.36700   1.33482   1.30420   1.27475
   1.24616   1.21822   1.19077   1.16370   1.13694   1.11043   1.08415   1.05810
   1.03228   1.00670   0.98138   0.95634   0.93159   0.90717   0.88309   0.85938
   0.83605   0.81313   0.79064   0.76857   0.74696   0.72580   0.70510   0.68488
   0.66513   0.64586   0.62707   0.60876   0.59093   0.57356   0.55667   0.54024
   0.52427   0.50876   0.49368   0.47905   0.46484   0.45106   0.43768   0.42471
   0.41213   0.39994   0.38812   0.37666   0.36556   0.35480   0.34438   0.33429
   0.32451   0.31504   0.30587   0.29699   0.28839   0.28007   0.27200   0.26419
   0.25664   0.24932   0.24223   0.23537   0.22872   0.22228   0.21605   0.21002
   0.20417   0.19851   0.19303   0.18772   0.18258   0.17759   0.17277   0.16809
   0.16356   0.15917   0.15491   0.15079   0.14679   0.14291   0.13916   0.13551
   0.13198   0.12856   0.12524   0.12202   0.11889   0.11586   0.11292   0.11007
   0.10730   0.00000   0.00000   0.00000   0.00000   0.00000   0.00000   0.00000
  
   1.00000   0.68528   0.21650   0.00555  -0.03199  -0.02048  -0.00580   0.00323
   0.00736   0.00852   0.00813   0.00706   0.00577   0.00450   0.00336   0.00240
   0.00162   0.00101   0.00054   0.00020  -0.00004  -0.00020  -0.00030  -0.00035
  -0.00035  -0.00034  -0.00030  -0.00025  -0.00019  -0.00013  -0.00007  -0.00001
   0.00005   0.00011   0.00016   0.00021   0.00025   0.00029   0.00032   0.00035
   0.00038   0.00040   0.00042   0.00043   0.00044   0.00045   0.00046   0.00046
   0.00046   0.00046   0.00046   0.00046   0.00046   0.00045   0.00045   0.00044
   0.00043   0.00042   0.00042   0.00041   0.00040   0.00039   0.00038   0.00037
   0.00036   0.00036   0.00035   0.00034   0.00033   0.00032   0.00031   0.00030
   0.00029   0.00029   0.00028   0.00027   0.00026   0.00026   0.00025   0.00024
   0.00023   0.00023   0.00022   0.00021   0.00021   0.00020   0.00020   0.00019
   0.00018   0.00018   0.00017   0.00017   0.00016   0.00016   0.00016   0.00015
   0.00015   0.00014   0.00014   0.00013   0.00013   0.00013   0.00012   0.00012
   0.00012   0.00011   0.00011   0.00011   0.00010   0.00010   0.00010   0.00010
   0.00009   0.00009   0.00009   0.00009   0.00008   0.00008   0.00008   0.00008
   0.00008   0.00000   0.00000   0.00000   0.00000   0.00000   0.00000   0.00000