Core subshells:
  1s   2s   2p-  2p   3s   3p-  3p   3d-  3d   4s   4p-  4p 

Valence subshells:
  4d-  4d   5s

Populations:

        2.0000000000        2.0000000000        2.0000000000        4.0000000000
        2.0000000000        2.0000000000        4.0000000000        4.0000000000
        6.0000000000        2.0000000000        2.0000000000        4.0000000000
        2.2560409965        1.7439590035        1.0000000000

  41.00000  39.93823  37.55652  34.89045  32.30189  29.88792  27.70172  25.76916
  24.08586  22.62413  21.34402  20.20316  19.16355  18.19503  17.27628  16.39410
  15.54192  14.71797  13.92359  13.16181  12.43625  11.75036  11.10692  10.50782
   9.95394   9.44521   8.98068   8.55868   8.17694   7.83281   7.52334   7.24543
   6.99595   6.77179   6.56997   6.38767   6.22224   6.07128   5.93259   5.80421
   5.68440   5.57165   5.46465   5.36226   5.26354   5.16770   5.07409   4.98218
   4.89156   4.80192   4.71301   4.62467   4.53680   4.44934   4.36228   4.27562
   4.18941   4.10372   4.01861   3.93417   3.85050   3.76769   3.68584   3.60503
   3.52536   3.44693   3.36979   3.29404   3.21974   3.14695   3.07572   3.00610
   2.93812   2.87182   2.80723   2.74435   2.68320   2.62379   2.56611   2.51017
   2.45594   2.40342   2.35259   2.30342   2.25589   2.20997   2.16563   2.12284
   2.08157   2.04177   2.00341   1.96646   1.93086   1.89659   1.86360   1.83185
   1.80130   1.77191   1.74363   1.71644   1.69028   1.66513   1.64094   1.61767
   1.59529   1.57375   1.55304   1.53310   1.51391   1.49543   1.47764   1.46049
   1.44397   1.42805   1.41268   1.39786   1.38355   1.36972   1.35636   1.34344
   1.33094   0.00000   0.00000   0.00000   0.00000   0.00000   0.00000   0.00000
  
  36.00000  35.65124  34.65876  33.16618  31.36303  29.43616  27.53430  25.75310
  24.13749  22.69385  21.40492  20.24284  19.17835  18.18626  17.24768  16.35033
  15.48765  14.65741  13.86027  13.09853  12.37511  11.69283  11.05398  10.46001
   9.91150   9.40812   8.94877   8.53163   8.15440   7.81436   7.50856   7.23389
   6.98725   6.76556   6.56585   6.38534   6.22141   6.07170   5.93403   5.80648
   5.68732   5.57508   5.46845   5.36634   5.26780   5.17206   5.07849   4.98657
   4.89590   4.80617   4.71714   4.62867   4.54066   4.45304   4.36580   4.27898
   4.19260   4.10673   4.02145   3.93685   3.85302   3.77006   3.68805   3.60710
   3.52730   3.44873   3.37148   3.29561   3.22120   3.14831   3.07698   3.00727
   2.93921   2.87283   2.80816   2.74522   2.68400   2.62453   2.56680   2.51081
   2.45653   2.40397   2.35309   2.30389   2.25632   2.21037   2.16601   2.12319
   2.08189   2.04207   2.00369   1.96671   1.93110   1.89681   1.86380   1.83204
   1.80147   1.77207   1.74379   1.71658   1.69042   1.66526   1.64105   1.61778
   1.59539   1.57385   1.55312   1.53318   1.51398   1.49550   1.47770   1.46055
   1.44403   1.42810   1.41273   1.39790   1.38359   1.36976   1.35640   1.34347
   1.33097   0.00000   0.00000   0.00000   0.00000   0.00000   0.00000   0.00000
  
   1.00000   0.90203   0.67497   0.43423   0.24419   0.11658   0.04048   0.00050
  -0.01652  -0.02019  -0.01690  -0.01064  -0.00375   0.00253   0.00764   0.01142
   0.01393   0.01535   0.01586   0.01570   0.01503   0.01403   0.01283   0.01152
   0.01018   0.00886   0.00760   0.00643   0.00535   0.00438   0.00351   0.00275
   0.00208   0.00150   0.00100   0.00058   0.00022  -0.00007  -0.00032  -0.00052
  -0.00068  -0.00081  -0.00091  -0.00098  -0.00103  -0.00107  -0.00109  -0.00109
  -0.00109  -0.00107  -0.00105  -0.00103  -0.00100  -0.00097  -0.00093  -0.00089
  -0.00086  -0.00082  -0.00078  -0.00074  -0.00070  -0.00066  -0.00063  -0.00059
  -0.00056  -0.00053  -0.00049  -0.00046  -0.00044  -0.00041  -0.00038  -0.00036
  -0.00033  -0.00031  -0.00029  -0.00027  -0.00025  -0.00024  -0.00022  -0.00020
  -0.00019  -0.00018  -0.00016  -0.00015  -0.00014  -0.00013  -0.00012  -0.00011
  -0.00010  -0.00010  -0.00009  -0.00008  -0.00007  -0.00007  -0.00006  -0.00006
  -0.00005  -0.00005  -0.00005  -0.00004  -0.00004  -0.00003  -0.00003  -0.00003
  -0.00003  -0.00002  -0.00002  -0.00002  -0.00002  -0.00002  -0.00001  -0.00001
  -0.00001  -0.00001  -0.00001  -0.00001  -0.00001  -0.00001   0.00000   0.00000
   0.00000   0.00000   0.00000   0.00000   0.00000   0.00000   0.00000   0.00000

   1.00000   0.67888   0.19789  -0.01266  -0.03788  -0.01456   0.00550   0.01404
   0.01446   0.01105   0.00670   0.00290   0.00020  -0.00135  -0.00197  -0.00193
  -0.00147  -0.00082  -0.00013   0.00050   0.00101   0.00139   0.00163   0.00173
   0.00174   0.00166   0.00152   0.00134   0.00114   0.00094   0.00073   0.00055
   0.00038   0.00023   0.00011   0.00001  -0.00007  -0.00013  -0.00017  -0.00019
  -0.00019  -0.00019  -0.00018  -0.00015  -0.00013  -0.00009  -0.00006  -0.00002
   0.00001   0.00005   0.00008   0.00011   0.00014   0.00017   0.00020   0.00022
   0.00024   0.00025   0.00027   0.00028   0.00029   0.00029   0.00030   0.00030
   0.00030   0.00030   0.00030   0.00029   0.00029   0.00028   0.00027   0.00026
   0.00025   0.00024   0.00023   0.00022   0.00021   0.00020   0.00019   0.00018
   0.00017   0.00016   0.00015   0.00014   0.00013   0.00012   0.00011   0.00010
   0.00009   0.00008   0.00008   0.00007   0.00006   0.00005   0.00005   0.00004
   0.00004   0.00003   0.00003   0.00002   0.00002   0.00001   0.00001   0.00001
   0.00000   0.00000   0.00000   0.00000  -0.00001  -0.00001  -0.00001  -0.00001
  -0.00001  -0.00001  -0.00001  -0.00001  -0.00001  -0.00001  -0.00001  -0.00001
  -0.00001   0.00000   0.00000   0.00000   0.00000   0.00000   0.00000   0.00000