Core subshells:
  1s   2s   2p-  2p   3s   3p-  3p   3d-  3d   4s   4p-  4p   4d-  4d   5s   5p-  5p 

Valence subshells:
  4f-  4f   6s 

Populations:

        2.0000000000        2.0000000000        2.0000000000        4.0000000000
        2.0000000000        2.0000000000        4.0000000000        4.0000000000
        6.0000000000        2.0000000000        2.0000000000        4.0000000000
        4.0000000000        6.0000000000        2.0000000000        2.0000000000
        4.0000000000         .0000000007        3.9999999993        2.0000000000

  60.00000  58.46662  55.33945  52.02062  48.65820  45.33240  42.20525  39.37392
  36.84809  34.58857  32.54471  30.67445  28.95022  27.35723  25.88898  24.54280
  23.31661  22.20691  21.20798  20.31186  19.50874  18.78762  18.13701  17.54555
  17.00247  16.49802  16.02364  15.57209  15.13750  14.71526  14.30197  13.89525
  13.49365  13.09643  12.70348  12.31511  11.93197  11.55493  11.18498  10.82316
  10.47049  10.12793   9.79635   9.47651   9.16902   8.87436   8.59286   8.32473
   8.07003   7.82870   7.60058   7.38541   7.18285   6.99247   6.81380   6.64631
   6.48945   6.34264   6.20528   6.07675   5.95645   5.84379   5.73817   5.63903
   5.54580   5.45797   5.37504   5.29652   5.22197   5.15097   5.08313   5.01810
   4.95554   4.89515   4.83666   4.77980   4.72437   4.67015   4.61697   4.56466
   4.51310   4.46215   4.41172   4.36171   4.31205   4.26268   4.21354   4.16460
   4.11584   4.06721   4.01872   3.97036   3.92211   3.87399   3.82601   3.77817
   3.73049   3.68298   3.63567   3.58857   3.54171   3.49511   3.44879   3.40278
   3.35709   3.31176   3.26680   3.22224   3.17810   3.13440   3.09115   3.04839
   3.00612   2.96436   2.92313   2.88244   2.84231   2.80274   2.76375   2.72535
   2.68754
  
  54.00000  53.33590  51.50012  48.88178  45.92699  42.98838  40.26515  37.82175
  35.64041  33.67102  31.86330  30.18090  28.60377  27.12452  25.74320  24.46271
  23.28544  22.21154  21.23818  20.35967  19.56802  18.85368  18.20630  17.61539
  17.07094  16.56372  16.08563  15.62979  15.19057  14.76358  14.34556  13.93426
  13.52829  13.12697  12.73022  12.33836  11.95206  11.57217  11.19968  10.83560
  10.48093  10.13663   9.80355   9.48240   9.17378   8.87817   8.59586   8.32704
   8.07177   7.82996   7.60146   7.38597   7.18314   6.99256   6.81372   6.64611
   6.48916   6.34228   6.20486   6.07630   5.95598   5.84330   5.73768   5.63854
   5.54532   5.45750   5.37457   5.29606   5.22152   5.15053   5.08271   5.01769
   4.95514   4.89476   4.83627   4.77942   4.72399   4.66978   4.61660   4.56430
   4.51274   4.46179   4.41136   4.36135   4.31170   4.26233   4.21319   4.16426
   4.11549   4.06687   4.01838   3.97001   3.92177   3.87366   3.82567   3.77784
   3.73016   3.68265   3.63534   3.58825   3.54140   3.49480   3.44848   3.40248
   3.35680   3.31147   3.26652   3.22196   3.17783   3.13413   3.09089   3.04813
   3.00587   2.96412   2.92289   2.88221   2.84208   2.80252   2.76354   2.72514
   2.68734
  
   1.00000   0.97537   0.90718   0.80923   0.69706   0.58330   0.47628   0.38051
   0.29779   0.22822   0.17093   0.12460   0.08772   0.05882   0.03652   0.01960
   0.00701  -0.00215  -0.00860  -0.01295  -0.01569  -0.01722  -0.01785  -0.01781
  -0.01731  -0.01649  -0.01547  -0.01433  -0.01314  -0.01193  -0.01076  -0.00963
  -0.00857  -0.00759  -0.00668  -0.00585  -0.00509  -0.00442  -0.00381  -0.00327
  -0.00280  -0.00238  -0.00201  -0.00169  -0.00141  -0.00116  -0.00095  -0.00077
  -0.00062  -0.00049  -0.00037  -0.00028  -0.00020  -0.00013  -0.00008  -0.00003
   0.00001   0.00004   0.00006   0.00008   0.00010   0.00011   0.00012   0.00013
   0.00013   0.00013   0.00013   0.00013   0.00013   0.00013   0.00013   0.00012
   0.00012   0.00011   0.00011   0.00011   0.00010   0.00010   0.00009   0.00009
   0.00009   0.00008   0.00008   0.00007   0.00007   0.00007   0.00006   0.00006
   0.00006   0.00005   0.00005   0.00005   0.00005   0.00004   0.00004   0.00004
   0.00004   0.00003   0.00003   0.00003   0.00003   0.00003   0.00003   0.00002
   0.00002   0.00002   0.00002   0.00002   0.00002   0.00002   0.00002   0.00001
   0.00001   0.00001   0.00001   0.00001   0.00001   0.00001   0.00001   0.00001
   0.00001
  
   1.00000   0.61462   0.10531  -0.04904  -0.02852   0.00540   0.01748   0.01507
   0.00827   0.00234  -0.00115  -0.00243  -0.00223  -0.00129  -0.00016   0.00084
   0.00157   0.00197   0.00209   0.00199   0.00174   0.00141   0.00105   0.00070
   0.00039   0.00014  -0.00006  -0.00019  -0.00026  -0.00029  -0.00028  -0.00024
  -0.00017  -0.00010  -0.00002   0.00006   0.00014   0.00022   0.00028   0.00033
   0.00037   0.00040   0.00042   0.00043   0.00043   0.00043   0.00041   0.00039
   0.00037   0.00034   0.00031   0.00028   0.00025   0.00022   0.00019   0.00016
   0.00013   0.00010   0.00008   0.00006   0.00004   0.00002   0.00001  -0.00001
  -0.00002  -0.00002  -0.00003  -0.00004  -0.00004  -0.00004  -0.00004  -0.00004
  -0.00004  -0.00003  -0.00003  -0.00002  -0.00002  -0.00001   0.00000   0.00000
   0.00001   0.00002   0.00002   0.00003   0.00004   0.00004   0.00005   0.00005
   0.00006   0.00007   0.00007   0.00008   0.00008   0.00008   0.00009   0.00009
   0.00009   0.00010   0.00010   0.00010   0.00010   0.00010   0.00010   0.00010
   0.00010   0.00010   0.00010   0.00010   0.00010   0.00010   0.00010   0.00010
   0.00010   0.00010   0.00009   0.00009   0.00009   0.00009   0.00009   0.00008
   0.00008