Core subshells:
  1s   

Valence subshells:
  2s   2p-  2p

Populations:

        2.0000000000        2.0000000000        2.0000000000             
        4.0000000000 
     
  10.00000   9.83018   9.35147   8.64336   7.80502   6.92763   6.07928   5.30217
   4.61697   4.02920   3.53502   3.12559   2.78994   2.51678   2.29543   2.11635
   1.97129   1.85330   1.75663   1.67658   1.60938   1.55202   1.50212   1.45783
   1.41770   1.38063   1.34579   1.31255   1.28046   1.24918   1.21849   1.18823
   1.15831   1.12866   1.09926   1.07011   1.04122   1.01263   0.98435   0.95641
   0.92886   0.90173   0.87504   0.84883   0.82312   0.79794   0.77330   0.74921
   0.72570   0.70278   0.68044   0.65869   0.63754   0.61699   0.59702   0.57765
   0.55885   0.54063   0.52297   0.50587   0.48932   0.47330   0.45781   0.44282
   0.42833   0.41433   0.40080   0.38773   0.37511   0.36291   0.35114   0.33978
   0.32880   0.31821   0.30799   0.29813   0.28861   0.27942   0.27056   0.26200
   0.25375   0.24578   0.23809   0.23067   0.22351   0.21660   0.20993   0.20349
   0.19728   0.19128   0.18549   0.17990   0.17450   0.16929   0.16425   0.15939
   0.15469   0.15015   0.14577   0.14153   0.13744   0.13349   0.12966   0.12597
   0.12239   0.11894   0.11559   0.11236   0.10924   0.10621   0.10329   0.10046
   0.09772   0.09506   0.09250   0.09001   0.08761   0.08527   0.08302   0.08083
   0.07871
  
   2.00000   1.99875   1.99500   1.98878   1.98012   1.96908   1.95573   1.94015
   1.92242   1.90264   1.88093   1.85739   1.83214   1.80532   1.77705   1.74746
   1.71669   1.68486   1.65210   1.61855   1.58434   1.54957   1.51437   1.47886
   1.44313   1.40729   1.37144   1.33566   1.30004   1.26466   1.22957   1.19486
   1.16057   1.12675   1.09346   1.06073   1.02860   0.99709   0.96625   0.93607
   0.90659   0.87782   0.84976   0.82242   0.79581   0.76993   0.74477   0.72033
   0.69661   0.67360   0.65129   0.62967   0.60873   0.58846   0.56884   0.54985
   0.53150   0.51375   0.49660   0.48003   0.46403   0.44857   0.43364   0.41923
   0.40533   0.39190   0.37895   0.36646   0.35440   0.34277   0.33156   0.32074
   0.31030   0.30024   0.29053   0.28117   0.27214   0.26343   0.25503   0.24693
   0.23912   0.23158   0.22431   0.21730   0.21053   0.20400   0.19770   0.19163
   0.18576   0.18010   0.17464   0.16937   0.16428   0.15936   0.15461   0.15003
   0.14561   0.14133   0.13720   0.13321   0.12936   0.12563   0.12203   0.11855
   0.11518   0.11193   0.10879   0.10574   0.10280   0.09996   0.09720   0.09454
   0.09196   0.08946   0.08705   0.08471   0.08244   0.08025   0.07813   0.07607
   0.07408
  
   1.00000   0.98244   0.93193   0.85441   0.75823   0.65239   0.54504   0.44264
   0.34955   0.26821   0.19947   0.14309   0.09809   0.06315   0.03679   0.01755
   0.00407  -0.00484  -0.01020  -0.01287  -0.01355  -0.01280  -0.01106  -0.00869
  -0.00595  -0.00303  -0.00009   0.00278   0.00550   0.00802   0.01031   0.01237
   0.01419   0.01576   0.01711   0.01825   0.01919   0.01994   0.02052   0.02095
   0.02125   0.02143   0.02150   0.02148   0.02138   0.02121   0.02098   0.02071
   0.02038   0.02003   0.01964   0.01923   0.01881   0.01837   0.01792   0.01746
   0.01700   0.01654   0.01608   0.01562   0.01517   0.01473   0.01429   0.01386
   0.01343   0.01302   0.01262   0.01222   0.01184   0.01147   0.01110   0.01075
   0.01041   0.01008   0.00975   0.00944   0.00914   0.00885   0.00856   0.00829
   0.00803   0.00777   0.00752   0.00729   0.00706   0.00683   0.00662   0.00641
   0.00621   0.00602   0.00583   0.00565   0.00548   0.00531   0.00515   0.00499
   0.00484   0.00469   0.00455   0.00441   0.00428   0.00416   0.00403   0.00392
   0.00380   0.00369   0.00358   0.00348   0.00338   0.00328   0.00319   0.00310
   0.00301   0.00293   0.00285   0.00277   0.00269   0.00262   0.00255   0.00248
   0.00241
  
   1.00000   0.97776   0.91544   0.82429   0.71807   0.60896   0.50558   0.41279
   0.33257   0.26502   0.20919   0.16367   0.12694   0.09753   0.07413   0.05563
   0.04108   0.02969   0.02082   0.01396   0.00869   0.00468   0.00165  -0.00061
  -0.00226  -0.00343  -0.00425  -0.00478  -0.00510  -0.00525  -0.00528  -0.00523
  -0.00511  -0.00494  -0.00474  -0.00452  -0.00429  -0.00406  -0.00382  -0.00359
  -0.00337  -0.00316  -0.00295  -0.00276  -0.00258  -0.00240  -0.00224  -0.00209
  -0.00195  -0.00181  -0.00169  -0.00157  -0.00147  -0.00137  -0.00127  -0.00119
  -0.00111  -0.00103  -0.00097  -0.00090  -0.00084  -0.00079  -0.00074  -0.00069
  -0.00064  -0.00060  -0.00056  -0.00053  -0.00050  -0.00047  -0.00044  -0.00041
  -0.00038  -0.00036  -0.00034  -0.00032  -0.00030  -0.00028  -0.00027  -0.00025
  -0.00024  -0.00022  -0.00021  -0.00020  -0.00019  -0.00018  -0.00017  -0.00016
  -0.00015  -0.00014  -0.00014  -0.00013  -0.00012  -0.00011  -0.00011  -0.00010
  -0.00010  -0.00009  -0.00009  -0.00008  -0.00008  -0.00008  -0.00007  -0.00007
  -0.00007  -0.00006  -0.00006  -0.00006  -0.00005  -0.00005  -0.00005  -0.00005
  -0.00004  -0.00004  -0.00004  -0.00004  -0.00004  -0.00004  -0.00003  -0.00003
  -0.00003