Core subshells:
  1s   2s   2p-  2p   3s   3p-  3p 

Valence subshells:
  3d-  3d   4s 

Populations:

        2.0000000000        2.0000000000        2.0000000000        4.0000000000
        2.0000000000        2.0000000000        4.0000000000        3.8186606079 
        4.1813393921        2.0000000000

  28.00000  27.35570  25.80768  23.97576  22.15413  20.39476  18.70077  17.08761
  15.57949  14.19818  12.95742  11.86192  10.90874  10.08917   9.39086   8.79944
   8.29991   7.87759   7.51878   7.21115   6.94392   6.70792   6.49551   6.30052
   6.11804   5.94432   5.77651   5.61261   5.45122   5.29149   5.13296   4.97547
   4.81908   4.66402   4.51060   4.35920   4.21023   4.06409   3.92117   3.78182
   3.64636   3.51505   3.38812   3.26575   3.14805   3.03513   2.92701   2.82371
   2.72520   2.63142   2.54230   2.45773   2.37758   2.30173   2.23002   2.16230
   2.09840   2.03815   1.98139   1.92794   1.87763   1.83029   1.78576   1.74387
   1.70447   1.66740   1.63252   1.59968   1.56876   1.53961   1.51212   1.48618
   1.46166   1.43848   1.41652   1.39570   1.37593   1.35714   1.33923   1.32215
   1.30582   1.29019   1.27519   1.26078   1.24691   1.23352   1.22058   1.20805
   1.19590   1.18408   1.17257   1.16135   1.15038   1.13964   1.12912   1.11879
   1.10863   1.09863   1.08878   1.07906   1.06946   1.05997   1.05057   1.04127
   1.03205   1.02291   1.01384   1.00483   0.99588   0.98699   0.97816   0.96937
   0.96063   0.95194   0.94329   0.93468   0.92611   0.91758   0.90910   0.90065
   0.89223
  
  18.00000  17.88905  17.56438  17.04915  16.37804  15.59272  14.73689  13.85201
  12.97394  12.13110  11.34382  10.62465   9.97944   9.40862   8.90869   8.47347
   8.09530   7.76588   7.47698   7.22086   6.99057   6.78007   6.58432   6.39921
   6.22149   6.04873   5.87915   5.71155   5.54517   5.37965   5.21489   5.05100
   4.88826   4.72702   4.56770   4.41075   4.25660   4.10567   3.95836   3.81501
   3.67591   3.54132   3.41144   3.28642   3.16636   3.05133   2.94133   2.83637
   2.73638   2.64129   2.55101   2.46542   2.38437   2.30772   2.23531   2.16697
   2.10253   2.04180   1.98461   1.93079   1.88015   1.83252   1.78773   1.74561
   1.70600   1.66875   1.63371   1.60073   1.56967   1.54041   1.51282   1.48678
   1.46219   1.43893   1.41690   1.39602   1.37620   1.35734   1.33939   1.32226
   1.30590   1.29023   1.27520   1.26076   1.24685   1.23344   1.22048   1.20793
   1.19575   1.18391   1.17238   1.16114   1.15015   1.13940   1.12886   1.11852
   1.10835   1.09834   1.08847   1.07874   1.06913   1.05963   1.05023   1.04092
   1.03169   1.02254   1.01346   1.00445   0.99550   0.98660   0.97776   0.96897
   0.96023   0.95153   0.94288   0.93427   0.92570   0.91717   0.90868   0.90022
   0.89181
  
   1.00000   0.97771   0.91533   0.82424   0.71804   0.60862   0.50430   0.40993
   0.32762   0.25771   0.19952   0.15184   0.11329   0.08248   0.05814   0.03911
   0.02441   0.01321   0.00481  -0.00138  -0.00582  -0.00890  -0.01092  -0.01213
  -0.01274  -0.01290  -0.01273  -0.01232  -0.01175  -0.01109  -0.01037  -0.00962
  -0.00887  -0.00813  -0.00742  -0.00675  -0.00612  -0.00553  -0.00499  -0.00448
  -0.00403  -0.00361  -0.00323  -0.00288  -0.00257  -0.00229  -0.00204  -0.00181
  -0.00161  -0.00143  -0.00127  -0.00112  -0.00099  -0.00087  -0.00077  -0.00068
  -0.00060  -0.00053  -0.00046  -0.00040  -0.00035  -0.00031  -0.00027  -0.00023
  -0.00020  -0.00017  -0.00015  -0.00013  -0.00011  -0.00009  -0.00008  -0.00006
  -0.00005  -0.00004  -0.00003  -0.00002  -0.00002  -0.00001  -0.00001   0.00000
   0.00000   0.00001   0.00001   0.00001   0.00001   0.00001   0.00002   0.00002
   0.00002   0.00002   0.00002   0.00002   0.00002   0.00002   0.00002   0.00002
   0.00002   0.00002   0.00002   0.00002   0.00002   0.00002   0.00002   0.00002
   0.00002   0.00002   0.00002   0.00002   0.00002   0.00002   0.00002   0.00002
   0.00001   0.00001   0.00001   0.00001   0.00001   0.00001   0.00001   0.00001
   0.00001

   1.00000   0.82250   0.46033   0.16635   0.01586  -0.03344  -0.03527  -0.02192
  -0.00770   0.00269   0.00873   0.01129   0.01151   0.01035   0.00854   0.00654
   0.00465   0.00300   0.00167   0.00066  -0.00004  -0.00050  -0.00074  -0.00081
  -0.00076  -0.00062  -0.00042  -0.00019   0.00005   0.00028   0.00050   0.00070
   0.00088   0.00102   0.00114   0.00123   0.00129   0.00133   0.00135   0.00135
   0.00133   0.00129   0.00125   0.00119   0.00113   0.00106   0.00099   0.00092
   0.00085   0.00077   0.00070   0.00063   0.00057   0.00050   0.00044   0.00038
   0.00033   0.00028   0.00024   0.00019   0.00016   0.00012   0.00009   0.00006
   0.00004   0.00002   0.00000  -0.00001  -0.00003  -0.00004  -0.00005  -0.00005
  -0.00006  -0.00006  -0.00006  -0.00006  -0.00006  -0.00006  -0.00006  -0.00005
  -0.00005  -0.00004  -0.00004  -0.00003  -0.00003  -0.00002  -0.00001   0.00000
   0.00000   0.00001   0.00002   0.00002   0.00003   0.00004   0.00005   0.00005
   0.00006   0.00007   0.00007   0.00008   0.00009   0.00009   0.00010   0.00010
   0.00011   0.00011   0.00012   0.00012   0.00013   0.00013   0.00014   0.00014
   0.00014   0.00015   0.00015   0.00015   0.00016   0.00016   0.00016   0.00016
   0.00017