Core subshells:
  1s 

Valence subshells:
  2s   2p-  2p 

Populations:

        2.0000000000        2.0000000000        1.6747676346        2.3252323654

   8.00000   7.79911   7.24937   6.47949   5.63199   4.81645   4.09571   3.49378
   3.00996   2.63099   2.33902   2.11607   1.94608   1.81574   1.71441   1.63389
   1.56800   1.51219   1.46316   1.41856   1.37677   1.33670   1.29762   1.25911
   1.22091   1.18292   1.14511   1.10753   1.07022   1.03328   0.99681   0.96088
   0.92559   0.89102   0.85722   0.82427   0.79220   0.76105   0.73085   0.70162
   0.67336   0.64609   0.61979   0.59447   0.57010   0.54668   0.52418   0.50259
   0.48187   0.46201   0.44298   0.42475   0.40730   0.39060   0.37461   0.35932
   0.34469   0.33070   0.31733   0.30454   0.29232   0.28063   0.26946   0.25878
   0.24857   0.23880   0.22947   0.22055   0.21202   0.20386   0.19606   0.18859
   0.18145   0.17462   0.16809   0.16183   0.15584   0.15011   0.14462   0.13936
   0.13432   0.12950   0.12488   0.12045   0.11620   0.11213   0.10822   0.10447
   0.10088   0.09743   0.09412   0.09094   0.08789   0.08496   0.08214   0.07944
   0.07684   0.07434   0.07194   0.06963   0.06741   0.06527   0.06321   0.06123
   0.05932   0.05749   0.05572   0.05402   0.05238   0.05080   0.04927   0.04781
   0.04639   0.04502   0.04371   0.04243   0.04121   0.04002   0.03888   0.03778
   0.03671
  
   2.00000   1.99800   1.99203   1.98215   1.96846   1.95109   1.93020   1.90599
   1.87867   1.84846   1.81562   1.78039   1.74305   1.70385   1.66306   1.62094
   1.57774   1.53371   1.48908   1.44408   1.39889   1.35372   1.30873   1.26409
   1.21994   1.17640   1.13358   1.09158   1.05048   1.01035   0.97124   0.93321
   0.89627   0.86047   0.82581   0.79231   0.75996   0.72876   0.69870   0.66977
   0.64195   0.61522   0.58955   0.56492   0.54130   0.51866   0.49697   0.47620
   0.45632   0.43729   0.41909   0.40169   0.38504   0.36913   0.35393   0.33939
   0.32550   0.31223   0.29955   0.28743   0.27586   0.26480   0.25423   0.24413
   0.23448   0.22525   0.21644   0.20801   0.19996   0.19226   0.18489   0.17785
   0.17111   0.16467   0.15850   0.15260   0.14696   0.14155   0.13637   0.13142
   0.12667   0.12212   0.11776   0.11359   0.10958   0.10574   0.10206   0.09853
   0.09514   0.09189   0.08877   0.08578   0.08290   0.08014   0.07748   0.07494
   0.07249   0.07013   0.06787   0.06569   0.06359   0.06158   0.05964   0.05777
   0.05597   0.05424   0.05258   0.05097   0.04943   0.04794   0.04650   0.04511
   0.04378   0.04249   0.04125   0.04005   0.03889   0.03778   0.03670   0.03566
   0.03465
  
   1.00000   0.97144   0.89137   0.77443   0.63912   0.50255   0.37716   0.27000
   0.18351   0.11703   0.06818   0.03391   0.01114  -0.00293  -0.01063  -0.01383
  -0.01399  -0.01220  -0.00926  -0.00572  -0.00199   0.00167   0.00511   0.00822
   0.01096   0.01330   0.01527   0.01688   0.01815   0.01913   0.01984   0.02032
   0.02060   0.02070   0.02066   0.02051   0.02025   0.01991   0.01951   0.01906
   0.01856   0.01804   0.01750   0.01695   0.01639   0.01583   0.01527   0.01472
   0.01418   0.01365   0.01312   0.01262   0.01213   0.01165   0.01119   0.01074
   0.01032   0.00990   0.00951   0.00912   0.00876   0.00841   0.00807   0.00775
   0.00744   0.00714   0.00686   0.00658   0.00633   0.00608   0.00584   0.00561
   0.00539   0.00519   0.00499   0.00480   0.00461   0.00444   0.00427   0.00411
   0.00396   0.00381   0.00367   0.00354   0.00341   0.00329   0.00317   0.00306
   0.00295   0.00285   0.00275   0.00265   0.00256   0.00247   0.00239   0.00231
   0.00223   0.00215   0.00208   0.00201   0.00195   0.00188   0.00182   0.00177
   0.00171   0.00165   0.00160   0.00155   0.00150   0.00146   0.00141   0.00137
   0.00133   0.00129   0.00125   0.00121   0.00118   0.00114   0.00111   0.00108
   0.00105
  
   1.00000   0.96456   0.86865   0.73712   0.59632   0.46507   0.35279   0.26194
   0.19107   0.13712   0.09676   0.06696   0.04519   0.02944   0.01815   0.01015
   0.00456   0.00072  -0.00185  -0.00352  -0.00453  -0.00509  -0.00533  -0.00536
  -0.00524  -0.00502  -0.00475  -0.00445  -0.00414  -0.00383  -0.00353  -0.00324
  -0.00297  -0.00271  -0.00248  -0.00226  -0.00206  -0.00188  -0.00172  -0.00157
  -0.00143  -0.00130  -0.00119  -0.00109  -0.00099  -0.00091  -0.00083  -0.00076
  -0.00070  -0.00064  -0.00059  -0.00054  -0.00050  -0.00046  -0.00042  -0.00039
  -0.00036  -0.00033  -0.00031  -0.00029  -0.00026  -0.00024  -0.00023  -0.00021
  -0.00020  -0.00018  -0.00017  -0.00016  -0.00015  -0.00014  -0.00013  -0.00012
  -0.00011  -0.00010  -0.00010  -0.00009  -0.00009  -0.00008  -0.00008  -0.00007
  -0.00007  -0.00006  -0.00006  -0.00005  -0.00005  -0.00005  -0.00005  -0.00004
  -0.00004  -0.00004  -0.00004  -0.00003  -0.00003  -0.00003  -0.00003  -0.00003
  -0.00003  -0.00002  -0.00002  -0.00002  -0.00002  -0.00002  -0.00002  -0.00002
  -0.00002  -0.00002  -0.00002  -0.00001  -0.00001  -0.00001  -0.00001  -0.00001
  -0.00001  -0.00001  -0.00001  -0.00001  -0.00001  -0.00001  -0.00001  -0.00001
  -0.00001