Core subshells:                                                                  
  1s   2s   2p-  2p   3s   3p-  3p   3d-  3d   4s   4p-  4p   4d-  4d   5s   5p- 5p  4f-  4f 
                                                                                 
Valence subshells:                                                               
  5d-  5d  6s                                                                        
                                                                                 
Populations:                                                             
                                                                         
        2.0000000000        2.0000000000        2.0000000000        4.0000000000 
        2.0000000000        2.0000000000        4.0000000000        4.0000000000 
        6.0000000000        2.0000000000        2.0000000000        4.0000000000 
        4.0000000000        6.0000000000        2.0000000000        2.0000000000 
        4.0000000000        6.0000000000        8.0000000000        3.2505329640
        2.7494670360        2.0000000000                                         
                                                                      
  76.00000  74.81305  71.84119  68.11903  64.27805  60.55054  57.00992  53.68534
  50.58903  47.72047  45.06863  42.61565  40.34074  38.22345  36.24581  34.39339
  32.65543  31.02441  29.49533  28.06492  26.73081  25.49095  24.34313  23.28464
  22.31214  21.42157  20.60827  19.86700  19.19210  18.57768  18.01772  17.50624
  17.03742  16.60569  16.20583  15.83303  15.48291  15.15157  14.83555  14.53188
  14.23804  13.95192  13.67180  13.39633  13.12445  12.85543  12.58874  12.32410
  12.06139  11.80062  11.54194  11.28558  11.03185  10.78109  10.53367  10.28999
  10.05042   9.81536   9.58515   9.36014   9.14063   8.92688   8.71912   8.51756
   8.32233   8.13357   7.95135   7.77570   7.60664   7.44415   7.28816   7.13859
   6.99535   6.85829   6.72727   6.60213   6.48269   6.36875   6.26011   6.15656
   6.05789   5.96387   5.87429   5.78892   5.70754   5.62994   5.55589   5.48518
   5.41761   5.35297   5.29107   5.23172   5.17473   5.11993   5.06716   5.01626
   4.96707   4.91946   4.87328   4.82841   4.78474   4.74214   4.70053   4.65979
   4.61984   4.58060   4.54198   4.50393   4.46638   4.42926   4.39253   4.35614
   4.32004   4.28420   4.24859   4.21317   4.17791   4.14281   4.10782   4.07296
   4.03818
  
  68.00000  67.59048  66.40132  64.54093  62.16407  59.44167  56.53494  53.57753
  50.66855  47.87214  45.22385  42.73767  40.41395  38.24546  36.22178  34.33211
  32.56718  30.91900  29.38158  27.94989  26.62016  25.38866  24.25176  23.20555
  22.24582  21.36782  20.56638  19.83589  19.17034  18.56392  18.01040  17.50417
  17.03914  16.61010  16.21185  15.83979  15.48973  15.15765  14.84051  14.53536
  14.23982  13.95182  13.66960  13.39208  13.11829  12.84733  12.57879  12.31252
  12.04828  11.78617  11.52628  11.26888  11.01430  10.76302  10.51514  10.27102
  10.03132   9.79624   9.56609   9.34132   9.12219   8.90878   8.70156   8.50054
   8.30583   8.11780   7.93632   7.76128   7.59306   7.43132   7.27612   7.12720
   6.98471   6.84849   6.71824   6.59377   6.47500   6.36175   6.25377   6.15086
   6.05278   5.95944   5.87032   5.78547   5.70467   5.62755   5.55387   5.48357
   5.41642   5.35209   5.29051   5.23149   5.17484   5.12025   5.06783   5.01713
   4.96815   4.92059   4.87461   4.82994   4.78631   4.74389   4.70244   4.66173
   4.62179   4.58270   4.54409   4.50603   4.46860   4.43146   4.39469   4.35840
   4.32226   4.28651   4.25083   4.21534   4.18016   4.14497   4.10991   4.07509
   4.04022
 
   1.00000   0.93547   0.76853   0.55822   0.35844   0.19897   0.08739   0.01849
  -0.01779  -0.03179  -0.03210  -0.02513  -0.01521  -0.00503   0.00389   0.01087
   0.01575   0.01866   0.01989   0.01980   0.01872   0.01699   0.01487   0.01257
   0.01026   0.00806   0.00605   0.00428   0.00277   0.00152   0.00054  -0.00021
  -0.00073  -0.00107  -0.00123  -0.00127  -0.00118  -0.00101  -0.00078  -0.00049
  -0.00018   0.00015   0.00049   0.00082   0.00114   0.00145   0.00173   0.00198
   0.00221   0.00241   0.00257   0.00271   0.00283   0.00291   0.00297   0.00300
   0.00302   0.00301   0.00298   0.00294   0.00288   0.00281   0.00273   0.00264
   0.00255   0.00244   0.00233   0.00222   0.00210   0.00199   0.00187   0.00175
   0.00164   0.00152   0.00141   0.00130   0.00119   0.00109   0.00099   0.00089
   0.00080   0.00071   0.00062   0.00054   0.00046   0.00039   0.00032   0.00026
   0.00020   0.00014   0.00009   0.00004  -0.00001  -0.00005  -0.00009  -0.00012
  -0.00016  -0.00019  -0.00021  -0.00024  -0.00026  -0.00028  -0.00030  -0.00031
  -0.00033  -0.00034  -0.00035  -0.00036  -0.00037  -0.00037  -0.00038  -0.00038
  -0.00038  -0.00038  -0.00038  -0.00038  -0.00038  -0.00038  -0.00038  -0.00038
  -0.00037

   1.00000   0.80487   0.41435   0.11438  -0.01834  -0.04248  -0.02466  -0.00160
   0.01361   0.01950   0.01870   0.01439   0.00903   0.00412   0.00038  -0.00199
  -0.00312  -0.00328  -0.00278  -0.00189  -0.00084   0.00019   0.00111   0.00183
   0.00235   0.00266   0.00278   0.00274   0.00258   0.00233   0.00202   0.00168
   0.00133   0.00099   0.00068   0.00040   0.00017  -0.00003  -0.00018  -0.00028
  -0.00035  -0.00039  -0.00039  -0.00037  -0.00033  -0.00028  -0.00021  -0.00013
  -0.00005   0.00003   0.00011   0.00019   0.00026   0.00033   0.00039   0.00045
   0.00049   0.00053   0.00056   0.00058   0.00059   0.00060   0.00060   0.00059
   0.00058   0.00057   0.00055   0.00053   0.00050   0.00047   0.00044   0.00041
   0.00038   0.00035   0.00032   0.00029   0.00026   0.00023   0.00020   0.00017
   0.00015   0.00012   0.00010   0.00008   0.00006   0.00004   0.00003   0.00001
   0.00000  -0.00001  -0.00002  -0.00003  -0.00003  -0.00004  -0.00004  -0.00004
  -0.00005  -0.00005  -0.00005  -0.00004  -0.00004  -0.00004  -0.00003  -0.00003
  -0.00002  -0.00002  -0.00001  -0.00001   0.00000   0.00001   0.00001   0.00002
   0.00003   0.00004   0.00004   0.00005   0.00006   0.00006   0.00007   0.00008
   0.00008