Core subshells:                                                                  
  1s   2s   2p-  2p                                                              
                                                                                 
Valence subshells:                                                               
  3s   3p-  3p                                                                   
                                                                                 
Populations:                                                             
                                                                    
        2.0000000000        2.0000000000        2.0000000000        4.0000000000 
        2.0000000000        1.0131340396        1.9868659604                     
                                                                                
  15.00000  14.47133  13.16987  11.65976  10.34214   9.33664   8.59519   8.02403
   7.54342   7.10235   6.67471   6.25101   5.83114   5.41930   5.02101   4.64144
   4.28464   3.95337   3.64910   3.37221   3.12224   2.89808   2.69820   2.52078
   2.36390   2.22555   2.10379   1.99675   1.90269   1.81998   1.74715   1.68287
   1.62597   1.57537   1.53017   1.48955   1.45281   1.41934   1.38860   1.36016
   1.33363   1.30869   1.28505   1.26249   1.24082   1.21987   1.19951   1.17963
   1.16015   1.14099   1.12210   1.10344   1.08496   1.06666   1.04850   1.03048
   1.01258   0.99482   0.97718   0.95967   0.94229   0.92504   0.90794   0.89099
   0.87419   0.85756   0.84111   0.82483   0.80874   0.79284   0.77713   0.76164
   0.74635   0.73128   0.71643   0.70180   0.68740   0.67322   0.65928   0.64557
   0.63209   0.61885   0.60585   0.59308   0.58055   0.56825   0.55618   0.54435
   0.26763
  
  10.00000   9.95580   9.82502   9.61273   9.32702   8.97825   8.57836   8.13998
   7.67585   7.19796   6.71713   6.24294   5.78307   5.34363   4.92910   4.54243
   4.18536   3.85843   3.56143   3.29337   3.05293   2.83822   2.64732   2.47817
   2.32876   2.19701   2.08094   1.97877   1.88885   1.80960   1.73959   1.67760
   1.62253   1.57342   1.52927   1.48948   1.45337   1.42027   1.38978   1.36147
   1.33496   1.30993   1.28616   1.26340   1.24155   1.22035   1.19969   1.17956
   1.15986   1.14041   1.12128   1.10235   1.08363   1.06512   1.04674   1.02851
   1.01047   0.99252   0.97472   0.95705   0.93956   0.92218   0.90502   0.88797
   0.87111   0.85438   0.83788   0.82155   0.80542   0.78947   0.77378   0.75827
   0.74296   0.72790   0.71305   0.69840   0.68401   0.66990   0.65593   0.64229
   0.62880   0.61557   0.60263   0.58989   0.57739   0.56517   0.55310   0.54134
   0.26603
  
   1.00000   0.92354   0.72791   0.48856   0.27399   0.11858   0.02525  -0.01941
  -0.03253  -0.02849  -0.01722  -0.00460   0.00637   0.01455   0.01980   0.02249
   0.02318   0.02243   0.02074   0.01851   0.01602   0.01350   0.01108   0.00886
   0.00688   0.00515   0.00369   0.00247   0.00148   0.00069   0.00008  -0.00037
  -0.00069  -0.00090  -0.00102  -0.00106  -0.00104  -0.00097  -0.00087  -0.00074
  -0.00059  -0.00043  -0.00026  -0.00008   0.00009   0.00027   0.00043   0.00059
   0.00075   0.00089   0.00103   0.00115   0.00127   0.00138   0.00147   0.00156
   0.00164   0.00171   0.00177   0.00183   0.00187   0.00191   0.00195   0.00198
   0.00200   0.00201   0.00202   0.00203   0.00203   0.00203   0.00203   0.00202
   0.00201   0.00200   0.00198   0.00197   0.00195   0.00193   0.00191   0.00188
   0.00186   0.00183   0.00181   0.00178   0.00175   0.00173   0.00170   0.00167
   0.00086
 
   1.00000   0.88948   0.62967   0.35663   0.15571   0.04041  -0.01123  -0.02571
  -0.02246  -0.01287  -0.00267   0.00575   0.01177   0.01552   0.01744   0.01800
   0.01764   0.01669   0.01540   0.01394   0.01243   0.01096   0.00957   0.00829
   0.00712   0.00608   0.00515   0.00434   0.00363   0.00300   0.00247   0.00200
   0.00160   0.00126   0.00097   0.00072   0.00051   0.00033   0.00018   0.00006
  -0.00004  -0.00013  -0.00020  -0.00025  -0.00030  -0.00033  -0.00036  -0.00038
  -0.00039  -0.00040  -0.00040  -0.00041  -0.00040  -0.00040  -0.00039  -0.00039
  -0.00038  -0.00037  -0.00036  -0.00035  -0.00034  -0.00033  -0.00032  -0.00030
  -0.00029  -0.00028  -0.00027  -0.00026  -0.00025  -0.00024  -0.00023  -0.00022
  -0.00021  -0.00020  -0.00019  -0.00018  -0.00018  -0.00017  -0.00016  -0.00015
  -0.00015  -0.00014  -0.00013  -0.00013  -0.00012  -0.00012  -0.00011  -0.00011
  -0.00003