Core subshells:                                                                  
  1s   2s   2p-  2p   3s   3p-  3p   3d-  3d   4s   4p-  4p   4d-  4d   5s   5p- 
                                                                                 
Valence subshells:                                                               
  6s   6p-  6p                                                                        
                                                                                 
Populations:                                                             
                                                                   
        2.0000000000        2.0000000000        2.0000000000        4.0000000000 
        2.0000000000        2.0000000000        4.0000000000        4.0000000000 
        6.0000000000        2.0000000000        2.0000000000        4.0000000000 
        4.0000000000        6.0000000000        2.0000000000        2.0000000000 
        4.0000000000        6.0000000000        8.0000000000        4.0000000000 
        6.0000000000        2.0000000000        1.8554110813        0.1445889187 
                                                                                 
  82.00000  80.75193  77.60916  73.64207  69.52542  65.52009  61.71234  58.13926
  54.82142  51.76619  48.96768  46.40899  44.06599  41.91135  39.91796  38.06123
  36.32042  34.67919  33.12543  31.65084  30.25015  28.92044  27.66032  26.46935
  25.34745  24.29452  23.31015  22.39341  21.54279  20.75616  20.03082  19.36356
  18.75075  18.18844  17.67250  17.19867  16.76271  16.36045  15.98785  15.64111
  15.31665  15.01119  14.72173  14.44559  14.18041  13.92413  13.67496  13.43144
  13.19233  12.95663  12.72359  12.49261  12.26330  12.03539  11.80876  11.58339
  11.35935  11.13676  10.91584  10.69682  10.47997  10.26557  10.05391   9.84531
   9.64003   9.43837   9.24059   9.04693   8.85761   8.67283   8.49276   8.31755
   8.14731   7.98213   7.82209   7.66723   7.51755   7.37307   7.23375   7.09954
   6.97040   6.84623   6.72695   6.61244   6.50259   6.39728   6.29636   6.19970
   6.10714   6.01852   5.93371   5.85252   5.77481   5.70041   5.62917   5.56092
   5.49550   5.43277   5.37257   5.31476   5.25919   5.20572   5.15421   5.10454
   5.05658   5.01022   4.96533   4.92180   4.87954   4.83845   4.79842   4.75938
   4.72123   4.68391   4.64733   4.61143   4.57614   4.54140   4.50717   4.47338
   4.44000
  
  78.00000  77.35645  75.51904  72.73590  69.33029  65.61971  61.86178  58.23493
  54.84220  51.72788  48.89665  46.32876  43.99273  41.85393  39.87934  38.04029
  36.31387  34.68305  33.13535  31.66345  30.26263  28.93063  27.66716  26.47228
  25.34634  24.28991  23.30245  22.38332  21.53119  20.74362  20.01787  19.35101
  18.73880  18.17762  17.66283  17.19035  16.75578  16.35489  15.98374  15.63815
  15.31484  15.01032  14.72164  14.44618  14.18147  13.92551  13.67654  13.43308
  13.19401  12.95808  12.72484  12.49368  12.26412  12.03589  11.80891  11.58313
  11.35878  11.13586  10.91465  10.69530  10.47817  10.26344  10.05162   9.84282
   9.63731   9.43554   9.23775   9.04399   8.85457   8.66987   8.48977   8.31463
   8.14435   7.97928   7.81939   7.66458   7.51494   7.37069   7.23141   7.09735
   6.96822   6.84425   6.72508   6.61068   6.50109   6.39588   6.29514   6.19847
   6.10608   6.01757   5.93286   5.85182   5.77425   5.69988   5.62863   5.56048
   5.49517   5.43251   5.37236   5.31469   5.25910   5.20569   5.15424   5.10455
   5.05669   5.01026   4.96538   4.92195   4.87974   4.83854   4.79852   4.75956
   4.72133   4.68399   4.64742   4.61146   4.57609   4.54150   4.50714   4.47331
   4.43986
   
   1.00000   0.81260   0.43442   0.13625  -0.00525  -0.04044  -0.03017  -0.00985
   0.00626   0.01490   0.01724   0.01555   0.01189   0.00774   0.00397   0.00102
  -0.00099  -0.00212  -0.00252  -0.00238  -0.00189  -0.00119  -0.00042   0.00033
   0.00100   0.00154   0.00195   0.00222   0.00236   0.00239   0.00232   0.00218
   0.00198   0.00175   0.00150   0.00124   0.00099   0.00075   0.00054   0.00035
   0.00018   0.00005  -0.00006  -0.00014  -0.00020  -0.00023  -0.00025  -0.00024
  -0.00022  -0.00019  -0.00015  -0.00010  -0.00005   0.00000   0.00006   0.00012
   0.00018   0.00023   0.00028   0.00033   0.00037   0.00041   0.00044   0.00047
   0.00049   0.00051   0.00052   0.00053   0.00054   0.00054   0.00054   0.00053
   0.00052   0.00051   0.00050   0.00048   0.00047   0.00045   0.00043   0.00041
   0.00039   0.00037   0.00034   0.00032   0.00030   0.00028   0.00026   0.00024
   0.00022   0.00020   0.00018   0.00016   0.00015   0.00013   0.00012   0.00010
   0.00009   0.00008   0.00007   0.00006   0.00005   0.00004   0.00003   0.00003
   0.00002   0.00002   0.00001   0.00001   0.00001   0.00000   0.00000   0.00000
   0.00000   0.00000   0.00000   0.00000   0.00000   0.00001   0.00001   0.00001
   0.00001

   1.00000   0.88517   0.61061   0.31683   0.10284  -0.00932  -0.04453  -0.03796
  -0.01660   0.00421   0.01824   0.02455   0.02470   0.02093   0.01532   0.00942
   0.00421   0.00020  -0.00249  -0.00392  -0.00430  -0.00391  -0.00299  -0.00178
  -0.00048   0.00078   0.00189   0.00279   0.00347   0.00390   0.00411   0.00413
   0.00398   0.00371   0.00334   0.00291   0.00245   0.00199   0.00153   0.00111
   0.00072   0.00038   0.00009  -0.00014  -0.00032  -0.00045  -0.00054  -0.00058
  -0.00058  -0.00055  -0.00050  -0.00042  -0.00033  -0.00023  -0.00011   0.00000
   0.00012   0.00023   0.00034   0.00045   0.00055   0.00063   0.00071   0.00078
   0.00083   0.00088   0.00092   0.00094   0.00096   0.00097   0.00097   0.00096
   0.00095   0.00092   0.00090   0.00087   0.00083   0.00079   0.00075   0.00071
   0.00067   0.00062   0.00057   0.00053   0.00048   0.00044   0.00039   0.00035
   0.00031   0.00027   0.00024   0.00020   0.00017   0.00014   0.00011   0.00008
   0.00006   0.00004   0.00002   0.00000  -0.00001  -0.00003  -0.00004  -0.00005
  -0.00005  -0.00006  -0.00006  -0.00007  -0.00007  -0.00007  -0.00006  -0.00006
  -0.00006  -0.00005  -0.00004  -0.00004  -0.00003  -0.00002  -0.00001   0.00000
   0.00000