Core subshells:
  1s   2s   2p-  2p   3s   3p-  3p   3d-  3d   4s   4p-  4p 

Valence subshells:
  4d-  4d 

Ppulations:

        2.0000000000        2.0000000000        2.0000000000        4.0000000000
        2.0000000000        2.0000000000        4.0000000000        4.0000000000
        6.0000000000        2.0000000000        2.0000000000        4.0000000000 
        4.0000000000        6.0000000000

  46.00000  45.23168  43.17284  40.35930  37.28939  34.28874  31.52986  29.08556
  26.96966  25.16239  23.62624  22.31626  21.18668  20.19525  19.30558  18.48818
  17.72056  16.98668  16.27603  15.58260  14.90382  14.23958  13.59139  12.96168
  12.35329  11.76902  11.21141  10.68253  10.18390   9.71646   9.28058   8.87610
   8.50241   8.15849   7.84301   7.55441   7.29095   7.05076   6.83194   6.63258
   6.45077   6.28470   6.13261   5.99286   5.86392   5.74436   5.63290   5.52837
   5.42972   5.33602   5.24645   5.16030   5.07694   4.99586   4.91660   4.83879
   4.76213   4.68637   4.61132   4.53681   4.46276   4.38907   4.31572   4.24266
   4.16992   4.09749   4.02541   3.95372   3.88247   3.81172   3.74151   3.67192
   3.60300   3.53481   3.46742   3.40088   3.33525   3.27058   3.20691   3.14430
   3.08277   3.02238   2.96315   2.90511   2.84828   2.79269   2.73834   2.68526
   2.63344   2.58290   2.53364   2.48565   2.43893   2.39347   2.34927   2.30631
   2.26458   2.22406   2.18474   2.14659   2.10960   2.07375   2.03900   2.00535
   1.97276   1.94121   1.91068   1.88113   1.85255   1.82490   1.79817   1.77232
   1.74732   1.72316   1.69980   1.67722   1.65540   1.63430   1.61391   1.59420
   1.57514   0.00000   0.00000   0.00000   0.00000   0.00000   0.00000   0.00000
  
  36.00000  35.76659  35.08994  34.03550  32.69676  31.17783  29.57731  27.97695
  26.43611  24.99131  23.65927  22.44174  21.33052  20.31204  19.37083  18.49204
  17.66282  16.87306  16.11547  15.38539  14.68035  13.99954  13.34336  12.71290
  12.10964  11.53507  10.99053  10.47706   9.99531   9.54548   9.12737   8.74037
   8.38354   8.05561   7.75511   7.48037   7.22958   7.00091   6.79244   6.60232
   6.42870   6.26983   6.12402   5.98971   5.86544   5.74986   5.64175   5.54001
   5.44366   5.35182   5.26373   5.17871   5.09620   5.01570   4.93680   4.85917
   4.78252   4.70663   4.63134   4.55650   4.48204   4.40788   4.33400   4.26038
   4.18704   4.11400   4.04130   3.96898   3.89710   3.82571   3.75488   3.68467
   3.61515   3.54638   3.47841   3.41132   3.34515   3.27995   3.21579   3.15270
   3.09071   3.02988   2.97023   2.91179   2.85457   2.79861   2.74392   2.69051
   2.63838   2.58754   2.53799   2.48973   2.44276   2.39707   2.35264   2.30946
   2.26753   2.22682   2.18732   2.14901   2.11186   2.07585   2.04097   2.00718
   1.97447   1.94280   1.91216   1.88251   1.85383   1.82609   1.79927   1.77334
   1.74827   1.72404   1.70061   1.67797   1.65609   1.63494   1.61450   1.59474
   1.57564   0.00000   0.00000   0.00000   0.00000   0.00000   0.00000   0.00000
  
   1.00000   0.94651   0.80829   0.63238   0.45926   0.31109   0.19525   0.11086
   0.05335   0.01711  -0.00330  -0.01255  -0.01438  -0.01168  -0.00653  -0.00039
   0.00577   0.01136   0.01606   0.01972   0.02235   0.02400   0.02480   0.02488
   0.02437   0.02340   0.02209   0.02055   0.01886   0.01710   0.01532   0.01357
   0.01189   0.01029   0.00879   0.00740   0.00614   0.00499   0.00395   0.00303
   0.00221   0.00149   0.00086   0.00032  -0.00015  -0.00055  -0.00089  -0.00116
  -0.00139  -0.00158  -0.00173  -0.00184  -0.00193  -0.00198  -0.00202  -0.00204
  -0.00204  -0.00203  -0.00200  -0.00197  -0.00193  -0.00188  -0.00183  -0.00177
  -0.00171  -0.00165  -0.00159  -0.00153  -0.00146  -0.00140  -0.00134  -0.00128
  -0.00122  -0.00116  -0.00110  -0.00104  -0.00099  -0.00094  -0.00089  -0.00084
  -0.00079  -0.00075  -0.00071  -0.00067  -0.00063  -0.00059  -0.00056  -0.00052
  -0.00049  -0.00046  -0.00044  -0.00041  -0.00038  -0.00036  -0.00034  -0.00032
  -0.00030  -0.00028  -0.00026  -0.00024  -0.00023  -0.00021  -0.00020  -0.00018
  -0.00017  -0.00016  -0.00015  -0.00014  -0.00013  -0.00012  -0.00011  -0.00010
  -0.00009  -0.00009  -0.00008  -0.00008  -0.00007  -0.00006  -0.00006  -0.00005
  -0.00005   0.00000   0.00000   0.00000   0.00000   0.00000   0.00000   0.00000