Core subshells:
  1s   2s   2p-  2p   3s   3p-  3p   3d-  3d   4s   4p-  4p   4d-  4d   5s   5p-  5p 

Valence subshells:
  4f-  4f   6s 

Populations:

        2.0000000000        2.0000000000        2.0000000000        4.0000000000
        2.0000000000        2.0000000000        4.0000000000        4.0000000000
        6.0000000000        2.0000000000        2.0000000000        4.0000000000
        4.0000000000        6.0000000000        2.0000000000        2.0000000000
        4.0000000000        3.2810799870        1.7189200130        2.0000000000

  61.00000  59.49739  56.40672  53.10077  49.73320  46.37905  43.20014  40.30211
  37.70524  35.37825  33.27425  31.35165  29.58143  27.94675  26.43926  25.05509
  23.79164  22.64549  21.61145  20.68226  19.84886  19.10094  18.42752  17.81752
  17.26027  16.74589  16.26553  15.81155  15.37755  14.95837  14.55002  14.14955
  13.75498  13.36507  12.97927  12.59753  12.22021  11.84793  11.48152  11.12191
  10.77006  10.42693  10.09342   9.77033   9.45838   9.15815   8.87009   8.59453
   8.33167   8.08159   7.84426   7.61955   7.40722   7.20698   7.01844   6.84119
   6.67475   6.51860   6.37221   6.23503   6.10649   5.98602   5.87307   5.76707
   5.66750   5.57382   5.48553   5.40215   5.32323   5.24833   5.17704   5.10900
   5.04383   4.98123   4.92088   4.86252   4.80590   4.75077   4.69696   4.64426
   4.59251   4.54158   4.49133   4.44165   4.39245   4.34365   4.29518   4.24698
   4.19900   4.15121   4.10359   4.05610   4.00875   3.96151   3.91439   3.86739
   3.82052   3.77378   3.72720   3.68079   3.63455   3.58853   3.54272   3.49716
   3.45186   3.40685   3.36215   3.31778   3.27376   3.23012   3.18687   3.14404
   3.10163   3.05968   3.01819   2.97719   2.93669   2.89670   2.85723   2.81830
   2.77992
  
  54.00000  53.36389  51.60095  49.07332  46.20069  43.32213  40.63654  38.21526
  36.04828  34.09072  32.29424  30.62206  29.05253  27.57660  26.19323  24.90494
  23.71457  22.62327  21.62954  20.72917  19.91558  19.18046  18.51442  17.90768
  17.35061  16.83416  16.35012  15.89139  15.45195  15.02696  14.61267  14.20631
  13.80602  13.41065  13.01972  12.63322  12.25150  11.87522  11.50518  11.14231
  10.78756  10.44184  10.10605   9.78096   9.46726   9.16551   8.87614   8.59945
   8.33562   8.08472   7.84669   7.62138   7.40856   7.20791   7.01904   6.84151
   6.67484   6.51851   6.37198   6.23468   6.10605   5.98552   5.87251   5.76649
   5.66689   5.57319   5.48490   5.40152   5.32260   5.24771   5.17643   5.10839
   5.04324   4.98065   4.92032   4.86197   4.80536   4.75025   4.69644   4.64375
   4.59202   4.54109   4.49085   4.44119   4.39200   4.34320   4.29474   4.24655
   4.19858   4.15080   4.10318   4.05570   4.00835   3.96112   3.91401   3.86701
   3.82015   3.77342   3.72685   3.68044   3.63421   3.58819   3.54239   3.49684
   3.45155   3.40654   3.36185   3.31749   3.27348   3.22984   3.18660   3.14377
   3.10138   3.05943   3.01795   2.97696   2.93646   2.89647   2.85701   2.81809
   2.77972
  
   1.00000   0.97779   0.91579   0.82543   0.72010   0.61122   0.50681   0.41162
   0.32789   0.25621   0.19614   0.14670   0.10662   0.07462   0.04943   0.02989
   0.01499   0.00384  -0.00431  -0.01008  -0.01398  -0.01644  -0.01780  -0.01834
  -0.01826  -0.01775  -0.01694  -0.01593  -0.01481  -0.01363  -0.01243  -0.01126
  -0.01013  -0.00906  -0.00806  -0.00713  -0.00628  -0.00551  -0.00481  -0.00418
  -0.00361  -0.00311  -0.00266  -0.00227  -0.00192  -0.00162  -0.00135  -0.00112
  -0.00092  -0.00075  -0.00060  -0.00047  -0.00037  -0.00027  -0.00020  -0.00013
  -0.00007  -0.00003   0.00001   0.00004   0.00006   0.00008   0.00010   0.00011
   0.00012   0.00013   0.00013   0.00014   0.00014   0.00014   0.00014   0.00013
   0.00013   0.00013   0.00012   0.00012   0.00012   0.00011   0.00011   0.00010
   0.00010   0.00010   0.00009   0.00009   0.00008   0.00008   0.00008   0.00007
   0.00007   0.00006   0.00006   0.00006   0.00006   0.00005   0.00005   0.00005
   0.00004   0.00004   0.00004   0.00004   0.00004   0.00003   0.00003   0.00003
   0.00003   0.00003   0.00002   0.00002   0.00002   0.00002   0.00002   0.00002
   0.00002   0.00002   0.00002   0.00001   0.00001   0.00001   0.00001   0.00001
   0.00001
  
   1.00000   0.62227   0.11342  -0.04986  -0.03400   0.00041   0.01477   0.01438
   0.00875   0.00323  -0.00035  -0.00195  -0.00211  -0.00148  -0.00055   0.00035
   0.00106   0.00152   0.00173   0.00173   0.00159   0.00134   0.00106   0.00076
   0.00049   0.00025   0.00006  -0.00008  -0.00018  -0.00023  -0.00024  -0.00022
  -0.00019  -0.00013  -0.00007   0.00000   0.00006   0.00013   0.00018   0.00024
   0.00028   0.00031   0.00034   0.00035   0.00036   0.00036   0.00036   0.00035
   0.00033   0.00031   0.00029   0.00027   0.00024   0.00022   0.00019   0.00017
   0.00014   0.00012   0.00010   0.00008   0.00006   0.00004   0.00002   0.00001
   0.00000  -0.00001  -0.00002  -0.00002  -0.00003  -0.00003  -0.00003  -0.00003
  -0.00003  -0.00003  -0.00003  -0.00002  -0.00002  -0.00002  -0.00001  -0.00001
   0.00000   0.00000   0.00001   0.00001   0.00002   0.00003   0.00003   0.00004
   0.00004   0.00005   0.00005   0.00006   0.00006   0.00006   0.00007   0.00007
   0.00007   0.00008   0.00008   0.00008   0.00008   0.00008   0.00008   0.00009
   0.00009   0.00009   0.00009   0.00009   0.00009   0.00009   0.00009   0.00009
   0.00008   0.00008   0.00008   0.00008   0.00008   0.00008   0.00008   0.00008
   0.00007