Core subshells:                                                                  
  1s   2s   2p-  2p   3s   3p-  3p   3d-  3d   4s   4p-  4p   4d-  4d   5s   5p-  
  5p   5d-  5d 
                                                                                 
Valence subshells:                                                          
  6s   6p-  6p                                                         
                                                                                 
Populations:                                                             
                                                                                 
        2.0000000000        2.0000000000        2.0000000000        4.0000000000 
        2.0000000000        2.0000000000        4.0000000000        4.0000000000 
        6.0000000000        2.0000000000        2.0000000000        4.0000000000 
        4.0000000000        6.0000000000        2.0000000000        2.0000000000 
        4.0000000000        4.0000000000        6.0000000000        2.0000000000 
        1.9686411269        2.0313588731 

  84.00000  82.67231  79.31771  75.11873  70.86888  66.84858  63.09126  59.57427
  56.28297  53.21541  50.37278  47.75179  45.34189  43.12609  41.08335  39.19133
  37.42861  35.77629  34.21878  32.74403  31.34335  30.01093  28.74327  27.53852
  26.39594  25.31535  24.29678  23.34012  22.44490  21.61020  20.83459  20.11608
  19.45220  18.84007  18.27643  17.75780  17.28050  16.84081  16.43496  16.05929
  15.71026  15.38449  15.07883  14.79038  14.51646  14.25471  14.00299  13.75945
  13.52249  13.29077  13.06315  12.83873  12.61678  12.39675  12.17825  11.96103
  11.74493  11.52993  11.31606  11.10342  10.89219  10.68257  10.47480  10.26912
  10.06581   9.86514   9.66737   9.47278   9.28160   9.09408   8.91043   8.73084
   8.55549   8.38453   8.21809   8.05626   7.89914   7.74678   7.59921   7.45646
   7.31851   7.18535   7.05694   6.93321   6.81411   6.69955   6.58943   6.48365
   6.38209   6.28465   6.19117   6.10155   6.01563   5.93327   5.85434   5.77869
   5.70617   5.63664   5.56995   5.50597   5.44456   5.38557   5.32886   5.27432
   5.22181   5.17120   5.12238   5.07523   5.02963   4.98549   4.94270   4.90115
   4.86077   4.82145   4.78311   4.74568   4.70909   4.67325   4.63810   4.60358
   4.56964
  
  78.00000  77.45224  75.87093  73.42613  70.35410  66.90730  63.31483  59.75640
  56.35608  53.18572  50.27495  47.62396  45.21411  43.01756  41.00306  39.14067
  37.40423  35.77228  34.22859  32.76148  31.36324  30.02929  28.75729  27.54677
  26.39779  25.31108  24.28691  23.32567  22.42688  21.58987  20.81299  20.09417
  19.43083  18.81986  18.25789  17.74150  17.26642  16.82903  16.42545  16.05204
  15.70510  15.38116  15.07698  14.78988  14.51704  14.25600  14.00494  13.76170
  13.52497  13.29314  13.06535  12.84081  12.61840  12.39796  12.17895  11.96119
  11.74454  11.52884  11.31440  11.10118  10.88960  10.67952  10.47128  10.26512
  10.06153   9.86051   9.66263   9.46776   9.27645   9.08889   8.90511   8.72541
   8.55024   8.37924   8.21294   8.05129   7.89433   7.74207   7.59475   7.45210
   7.31431   7.18134   7.05321   6.92964   6.81085   6.69642   6.58665   6.48098
   6.37976   6.28256   6.18928   6.09978   6.01410   5.93189   5.85313   5.77763
   5.70524   5.63584   5.56925   5.50545   5.44420   5.38532   5.32857   5.27420
   5.22169   5.17115   5.12233   5.07529   5.02974   4.98560   4.94278   4.90128
   4.86090   4.82152   4.78323   4.74581   4.70916   4.67323   4.63821   4.60365
   4.56954
  
   1.00000   0.90988   0.68228   0.41227   0.18433   0.03709  -0.03246  -0.04768
  -0.03430  -0.01171   0.00879   0.02241   0.02847   0.02838   0.02426   0.01811
   0.01154   0.00559   0.00086  -0.00244  -0.00434  -0.00505  -0.00480  -0.00390
  -0.00259  -0.00110   0.00040   0.00178   0.00295   0.00387   0.00453   0.00492
   0.00507   0.00501   0.00478   0.00442   0.00396   0.00344   0.00289   0.00233
   0.00180   0.00130   0.00084   0.00045   0.00011  -0.00017  -0.00039  -0.00054
  -0.00065  -0.00070  -0.00071  -0.00068  -0.00062  -0.00054  -0.00043  -0.00031
  -0.00017  -0.00003   0.00011   0.00025   0.00038   0.00051   0.00063   0.00074
   0.00084   0.00093   0.00101   0.00107   0.00112   0.00116   0.00119   0.00121
   0.00122   0.00122   0.00120   0.00119   0.00116   0.00113   0.00109   0.00105
   0.00100   0.00095   0.00090   0.00084   0.00079   0.00073   0.00068   0.00062
   0.00057   0.00051   0.00046   0.00041   0.00036   0.00032   0.00027   0.00023
   0.00019   0.00016   0.00013   0.00009   0.00007   0.00004   0.00002   0.00000
  -0.00002  -0.00003  -0.00005  -0.00006  -0.00006  -0.00007  -0.00008  -0.00008
  -0.00008  -0.00008  -0.00008  -0.00007  -0.00007  -0.00006  -0.00005  -0.00005
  -0.00004

   1.00000   0.85009   0.52055   0.21700   0.03654  -0.03324  -0.03964  -0.02169
  -0.00114   0.01328   0.02007   0.02076   0.01769   0.01292   0.00793   0.00360
   0.00033  -0.00180  -0.00289  -0.00314  -0.00279  -0.00205  -0.00111  -0.00012
   0.00081   0.00162   0.00227   0.00274   0.00303   0.00316   0.00315   0.00302
   0.00281   0.00253   0.00222   0.00188   0.00155   0.00122   0.00092   0.00064
   0.00040   0.00020   0.00003  -0.00010  -0.00020  -0.00026  -0.00030  -0.00031
  -0.00030  -0.00026  -0.00022  -0.00016  -0.00010  -0.00002   0.00005   0.00013
   0.00020   0.00028   0.00035   0.00041   0.00047   0.00053   0.00057   0.00062
   0.00065   0.00068   0.00070   0.00072   0.00073   0.00073   0.00073   0.00073
   0.00072   0.00070   0.00069   0.00067   0.00065   0.00062   0.00060   0.00057
   0.00054   0.00051   0.00048   0.00045   0.00042   0.00040   0.00037   0.00034
   0.00031   0.00029   0.00026   0.00024   0.00021   0.00019   0.00017   0.00015
   0.00013   0.00012   0.00010   0.00009   0.00007   0.00006   0.00005   0.00004
   0.00003   0.00003   0.00002   0.00002   0.00001   0.00001   0.00001   0.00001
   0.00001   0.00001   0.00001   0.00001   0.00001   0.00001   0.00001   0.00002
   0.00002