Core subshells:
  1s   2s   2p-  2p   3s   3p-  3p   3d-  3d   4s   4p-  4p   4d-  4d   5s   5p-  5p 

Valence subshells:
  4f-  4f   6s 

Populations:

        2.0000000000        2.0000000000        2.0000000000        4.0000000000
        2.0000000000        2.0000000000        4.0000000000        4.0000000000
        6.0000000000        2.0000000000        2.0000000000        4.0000000000
        4.0000000000        6.0000000000        2.0000000000        2.0000000000
        4.0000000000        2.4605872262         .5394127738        2.0000000000

  59.00000  57.43892  54.28579  50.96832  47.62468  44.33840  41.27046  38.50900
  36.05334  33.85732  31.86772  30.04317  28.35844  26.80132  25.36734  24.05507
  22.86275  21.78658  20.82015  19.95457  19.17917  18.48222  17.85170  17.27598
  16.74430  16.24706  15.77609  15.32464  14.88742  14.46042  14.04087  13.62697
  13.21781  12.81316  12.41327  12.01882  11.63072  11.25001  10.87781  10.51521
  10.16327   9.82289   9.49490   9.17993   8.87849   8.59093   8.31743   8.05805
   7.81270   7.58119   7.36322   7.15838   6.96623   6.78622   6.61779   6.46032
   6.31318   6.17572   6.04729   5.92725   5.81494   5.70976   5.61109   5.51835
   5.43100   5.34850   5.27038   5.19616   5.12541   5.05775   4.99279   4.93022
   4.86972   4.81101   4.75385   4.69802   4.64331   4.58956   4.53661   4.48432
   4.43259   4.38131   4.33040   4.27980   4.22945   4.17931   4.12935   4.07953
   4.02986   3.98031   3.93089   3.88160   3.83245   3.78345   3.73461   3.68597
   3.63752   3.58931   3.54135   3.49366   3.44628   3.39922   3.35251   3.30617
   3.26023   3.21472   3.16965   3.12505   3.08093   3.03733   2.99424   2.95170
   2.90972   2.86832   2.82749   2.78727   2.74766   2.70866   2.67030   2.63257
   2.59547
  
  54.00000  53.30494  51.38981  48.67472  45.63439  42.63516  39.87527  37.41102
  35.21616  33.23537  31.41673  29.72477  28.14129  26.66065  25.28392  24.01406
  22.85279  21.79896  20.84816  19.99309  19.22427  18.53089  17.90170  17.32564
  16.79238  16.29272  15.81875  15.36398  14.92325  14.49272  14.06970  13.65247
  13.24018  12.83261  12.43005  12.03318  11.64289  11.26025  10.88634  10.52225
  10.16901   9.82753   9.49858   9.18281   8.88070   8.59258   8.31862   8.05886
   7.81321   7.58146   7.36330   7.15833   6.96607   6.78598   6.61750   6.45999
   6.31283   6.17537   6.04694   5.92690   5.81461   5.70943   5.61078   5.51806
   5.43072   5.34824   5.27012   5.19591   5.12517   5.05751   4.99256   4.92999
   4.86949   4.81078   4.75362   4.69778   4.64307   4.58932   4.53636   4.48407
   4.43233   4.38104   4.33013   4.27952   4.22917   4.17902   4.12905   4.07923
   4.02955   3.98000   3.93058   3.88128   3.83213   3.78313   3.73429   3.68565
   3.63721   3.58899   3.54103   3.49335   3.44596   3.39891   3.35220   3.30587
   3.25993   3.21442   3.16936   3.12476   3.08065   3.03705   2.99398   2.95144
   2.90947   2.86807   2.82725   2.78704   2.74743   2.70844   2.67008   2.63236
   2.59527
  
   1.00000   0.97333   0.89995   0.79572   0.67802   0.56045   0.45155   0.35562
   0.27404   0.20647   0.15169   0.10806   0.07388   0.04754   0.02756   0.01269
   0.00187  -0.00579  -0.01100  -0.01434  -0.01629  -0.01719  -0.01734  -0.01695
  -0.01620  -0.01522  -0.01410  -0.01291  -0.01171  -0.01053  -0.00941  -0.00835
  -0.00736  -0.00646  -0.00564  -0.00489  -0.00423  -0.00363  -0.00311  -0.00264
  -0.00224  -0.00188  -0.00157  -0.00131  -0.00108  -0.00088  -0.00071  -0.00056
  -0.00044  -0.00034  -0.00025  -0.00018  -0.00011  -0.00006  -0.00002   0.00001
   0.00004   0.00006   0.00008   0.00009   0.00010   0.00011   0.00011   0.00012
   0.00012   0.00012   0.00012   0.00012   0.00011   0.00011   0.00011   0.00010
   0.00010   0.00010   0.00009   0.00009   0.00009   0.00008   0.00008   0.00007
   0.00007   0.00007   0.00006   0.00006   0.00006   0.00005   0.00005   0.00005
   0.00005   0.00004   0.00004   0.00004   0.00004   0.00003   0.00003   0.00003
   0.00003   0.00003   0.00003   0.00002   0.00002   0.00002   0.00002   0.00002
   0.00002   0.00002   0.00002   0.00001   0.00001   0.00001   0.00001   0.00001
   0.00001   0.00001   0.00001   0.00001   0.00001   0.00001   0.00001   0.00001
   0.00001
  
   1.00000   0.60699   0.09806  -0.04678  -0.02188   0.01095   0.02026   0.01556
   0.00753   0.00127  -0.00204  -0.00289  -0.00225  -0.00097   0.00037   0.00146
   0.00217   0.00249   0.00249   0.00226   0.00188   0.00144   0.00100   0.00060
   0.00026   0.00000  -0.00019  -0.00030  -0.00035  -0.00035  -0.00030  -0.00023
  -0.00014  -0.00004   0.00006   0.00016   0.00025   0.00033   0.00039   0.00045
   0.00048   0.00051   0.00052   0.00052   0.00051   0.00049   0.00047   0.00044
   0.00041   0.00037   0.00033   0.00029   0.00025   0.00022   0.00018   0.00015
   0.00011   0.00009   0.00006   0.00004   0.00002   0.00000  -0.00001  -0.00003
  -0.00004  -0.00004  -0.00005  -0.00005  -0.00005  -0.00005  -0.00004  -0.00004
  -0.00004  -0.00003  -0.00002  -0.00002  -0.00001   0.00000   0.00001   0.00002
   0.00003   0.00003   0.00004   0.00005   0.00006   0.00006   0.00007   0.00008
   0.00008   0.00009   0.00009   0.00010   0.00010   0.00011   0.00011   0.00011
   0.00012   0.00012   0.00012   0.00012   0.00012   0.00012   0.00012   0.00012
   0.00012   0.00012   0.00012   0.00012   0.00012   0.00012   0.00012   0.00011
   0.00011   0.00011   0.00011   0.00010   0.00010   0.00010   0.00010   0.00009
   0.00009