Core subshells:                                                                  
  1s   2s   2p-  2p   3s   3p-  3p   3d-  3d   4s   4p-  4p   4d-  4d   5s   5p- 
                                                                                 
Valence subshells:                                                               
  5d-  5d   6s                                                                   
                                                                                 
Populations:                                                             

        2.0000000000        2.0000000000        2.0000000000        4.0000000000 
        2.0000000000        2.0000000000        4.0000000000        4.0000000000 
        6.0000000000        2.0000000000        2.0000000000        4.0000000000 
        4.0000000000        6.0000000000        2.0000000000        2.0000000000 
        4.0000000000        6.0000000000        8.0000000000        4.0000000000 
        5.0000000000        1.0000000000                                         
                                                                                 
  78.00000  76.91782  74.09202  70.34498  66.31324  62.33840  58.57717  55.09185
  51.89599  48.97701  46.30896  43.86066  41.60083  39.50130  37.53866  35.69476
  33.95649  32.31503  30.76496  29.30326  27.92837  26.63947  25.43583  24.31645
  23.27970  22.32326  21.44405  20.63830  19.90162  19.22915  18.61568  18.05582
  17.54415  17.07529  16.64404  16.24546  15.87493  15.52821  15.20144  14.89118
  14.59441  14.30853  14.03129  13.76086  13.49572  13.23467  12.97678  12.72139
  12.46804  12.21646  11.96653  11.71828  11.47182  11.22737  10.98519  10.74558
  10.50890  10.27548  10.04570   9.81989   9.59840   9.38153   9.16959   8.96282
   8.76147   8.56571   8.37573   8.19163   8.01352   7.84146   7.67548   7.51557
   7.36171   7.21384   7.07190   6.93578   6.80536   6.68051   6.56108   6.44692
   6.33784   6.23367   6.13422   6.03930   5.94871   5.86226   5.77974   5.70095
   5.62571   5.55381   5.48506   5.41928   5.35628   5.29588   5.23792   5.18222
   5.12863   5.07700   5.02717   4.97901   4.93239   4.88718   4.84326   4.80052
   4.75885   4.71816   4.67836   4.63936   4.60107   4.56344   4.52638   4.48983
   4.45375   4.41807   4.38275   4.34775   4.31302   4.27854   4.24427   4.21018
   4.17626
  
  68.00000  67.63320  66.56439  64.88093  62.70898  60.19181  57.46876  54.66046
  51.86154  49.13802  46.53134  44.06302  41.74010  39.56099  37.51912  35.60647
  33.81424  32.13521  30.56318  29.09307  27.72087  26.44293  25.25635  24.15758
  23.14332  22.20971  21.35255  20.56744  19.84917  19.19274  18.59273  18.04383
  17.54082  17.07838  16.65145  16.25536  15.88596  15.53905  15.21105  14.89866
  14.59925  14.31021  14.02960  13.75561  13.48681  13.22229  12.96103  12.70238
  12.44609  12.19179  11.93951  11.68907  11.44094  11.19494  10.95152  10.71111
  10.47376  10.23996  10.01002   9.78439   9.56310   9.34684   9.13542   8.92947
   8.72904   8.53428   8.34544   8.16247   7.98568   7.81482   7.65017   7.49167
   7.33914   7.19262   7.05200   6.91717   6.78810   6.66452   6.54638   6.43336
   6.32556   6.22249   6.12410   6.03031   5.94078   5.85529   5.77365   5.69578
   5.62133   5.55011   5.48220   5.41712   5.35468   5.29486   5.23746   5.18232
   5.12928   5.07804   5.02860   4.98081   4.93455   4.88967   4.84608   4.80351
   4.76214   4.72159   4.68204   4.64314   4.60509   4.56752   4.53052   4.49416
   4.45810   4.42244   4.38712   4.35224   4.31749   4.28297   4.24879   4.21465
   4.18066
  
   1.00000   0.94102   0.78763   0.59175   0.40108   0.24304   0.12643   0.04882
   0.00288  -0.01978  -0.02679  -0.02428  -0.01678  -0.00741   0.00184   0.00984
   0.01604   0.02031   0.02276   0.02364   0.02325   0.02192   0.01993   0.01754
   0.01496   0.01237   0.00988   0.00758   0.00553   0.00376   0.00228   0.00109
   0.00017  -0.00050  -0.00095  -0.00120  -0.00129  -0.00123  -0.00107  -0.00082
  -0.00051  -0.00015   0.00023   0.00063   0.00103   0.00142   0.00179   0.00214
   0.00246   0.00275   0.00301   0.00324   0.00343   0.00358   0.00371   0.00380
   0.00386   0.00390   0.00391   0.00389   0.00385   0.00380   0.00372   0.00364
   0.00354   0.00342   0.00330   0.00317   0.00304   0.00289   0.00275   0.00260
   0.00246   0.00231   0.00216   0.00202   0.00188   0.00174   0.00160   0.00147
   0.00134   0.00122   0.00110   0.00098   0.00087   0.00077   0.00067   0.00057
   0.00048   0.00040   0.00032   0.00025   0.00017   0.00011   0.00005  -0.00001
  -0.00006  -0.00011  -0.00016  -0.00020  -0.00024  -0.00027  -0.00030  -0.00033
  -0.00036  -0.00038  -0.00040  -0.00042  -0.00044  -0.00045  -0.00046  -0.00047
  -0.00048  -0.00049  -0.00049  -0.00050  -0.00050  -0.00050  -0.00050  -0.00050
  -0.00050
  
   1.00000   0.81535   0.43896   0.13836  -0.00541  -0.04075  -0.02943  -0.00804
   0.00853   0.01700   0.01871   0.01620   0.01176   0.00700   0.00289  -0.00016
  -0.00207  -0.00296  -0.00304  -0.00257  -0.00176  -0.00081   0.00014   0.00099
   0.00169   0.00221   0.00255   0.00271   0.00271   0.00260   0.00239   0.00212
   0.00181   0.00148   0.00116   0.00085   0.00056   0.00031   0.00010  -0.00007
  -0.00020  -0.00029  -0.00035  -0.00038  -0.00038  -0.00036  -0.00032  -0.00027
  -0.00020  -0.00013  -0.00005   0.00003   0.00011   0.00018   0.00026   0.00032
   0.00038   0.00043   0.00048   0.00052   0.00055   0.00057   0.00059   0.00060
   0.00060   0.00060   0.00059   0.00058   0.00057   0.00055   0.00052   0.00050
   0.00047   0.00044   0.00041   0.00038   0.00035   0.00032   0.00029   0.00026
   0.00023   0.00020   0.00018   0.00015   0.00013   0.00011   0.00009   0.00007
   0.00005   0.00003   0.00002   0.00001  -0.00001  -0.00001  -0.00002  -0.00003
  -0.00004  -0.00004  -0.00004  -0.00004  -0.00004  -0.00004  -0.00004  -0.00004
  -0.00004  -0.00004  -0.00003  -0.00003  -0.00002  -0.00002  -0.00001   0.00000
   0.00000   0.00001   0.00002   0.00002   0.00003   0.00004   0.00004   0.00005
   0.00006