Core subshells:
  1s   2s   2p-  2p   3s   3p-  3p   3d-  3d   4s   4p   4p-

Valence subshells:
  5s 

Populations:

        2.0000000000        2.0000000000        2.0000000000        4.0000000000
        2.0000000000        6.0000000000        2.0000000000        4.0000000000 
        2.0000000000        1.0000000000

  37.00000  35.94780  33.90729  31.68070  29.36822  27.14755  25.15792  23.43210
  21.93412  20.60518  19.39102  18.25264  17.16738  16.12556  15.12617  14.17294
  13.27141  12.42700  11.64386  10.92442  10.26927   9.67732   9.14609   8.67199
   8.25073   7.87753   7.54741   7.25542   6.99672   6.76675   6.56129   6.37650
   6.20894   6.05558   5.91378   5.78126   5.65611   5.53672   5.42177   5.31020
   5.20115   5.09397   4.98816   4.88337   4.77937   4.67600   4.57320   4.47097
   4.36934   4.26840   4.16824   4.06900   3.97079   3.87376   3.77804   3.68378
   3.59109   3.50010   3.41092   3.32365   3.23837   3.15516   3.07409   2.99520
   2.91854   2.84414   2.77201   2.70217   2.63462   2.56933   2.50631   2.44553
   2.38695   2.33055   2.27628   2.22410   2.17396   2.12581   2.07960   2.03527
   1.99276   1.95201   1.91298   1.87559   1.83979   1.80551   1.77270   1.74130
   1.71125   1.68250   1.65498   1.62864   1.60344   1.57930   1.55620   1.53407
   1.51287   1.49255   1.47307   1.45438   1.43645   1.41923   1.40269   1.38679
   1.37149   1.35676   1.34257   1.32888   1.31568   1.30293   1.29060   1.27867
   1.26712   1.25592   1.24505   1.23449   1.22423   1.21424   1.20450   1.19501
   1.18574   0.00000   0.00000   0.00000   0.00000   0.00000   0.00000   0.00000
  
  36.00000  35.43042  33.87843  31.72344  29.37705  27.13653  25.14429  23.42251
  21.92938  20.60405  19.39194  18.25435  17.16906  16.12677  15.12675  14.17291
  13.27087  12.42608  11.64272  10.92318  10.26804   9.67617   9.14506   8.67112
   8.25002   7.87698   7.54702   7.25516   6.99657   6.76669   6.56130   6.37657
   6.20905   6.05571   5.91391   5.78139   5.65623   5.53682   5.42186   5.31026
   5.20118   5.09398   4.98814   4.88333   4.77930   4.67592   4.57310   4.47085
   4.36921   4.26825   4.16808   4.06882   3.97061   3.87357   3.77786   3.68359
   3.59090   3.49991   3.41074   3.32347   3.23819   3.15499   3.07392   2.99504
   2.91839   2.84400   2.77188   2.70204   2.63449   2.56922   2.50621   2.44543
   2.38686   2.33047   2.27620   2.22403   2.17390   2.12575   2.07954   2.03522
   1.99271   1.95198   1.91295   1.87556   1.83976   1.80549   1.77268   1.74129
   1.71124   1.68249   1.65497   1.62864   1.60343   1.57930   1.55620   1.53407
   1.51287   1.49256   1.47308   1.45439   1.43646   1.41924   1.40270   1.38679
   1.37150   1.35677   1.34257   1.32889   1.31569   1.30293   1.29061   1.27868
   1.26712   1.25592   1.24505   1.23450   1.22423   1.21424   1.20451   1.19501
   1.18575   0.00000   0.00000   0.00000   0.00000   0.00000   0.00000   0.00000
  
   1.00000   0.51738   0.02886  -0.04275  -0.00882   0.01101   0.01363   0.00959
   0.00474   0.00113  -0.00092  -0.00171  -0.00168  -0.00121  -0.00058   0.00003
   0.00055   0.00092   0.00114   0.00124   0.00123   0.00115   0.00102   0.00087
   0.00070   0.00054   0.00039   0.00026   0.00015   0.00006  -0.00001  -0.00007
  -0.00010  -0.00012  -0.00013  -0.00013  -0.00012  -0.00010  -0.00008  -0.00006
  -0.00004  -0.00001   0.00002   0.00004   0.00006   0.00009   0.00011   0.00012
   0.00014   0.00015   0.00016   0.00017   0.00018   0.00018   0.00019   0.00019
   0.00019   0.00019   0.00018   0.00018   0.00018   0.00017   0.00016   0.00016
   0.00015   0.00014   0.00014   0.00013   0.00012   0.00011   0.00011   0.00010
   0.00009   0.00008   0.00008   0.00007   0.00006   0.00006   0.00005   0.00005
   0.00004   0.00004   0.00003   0.00003   0.00002   0.00002   0.00002   0.00001
   0.00001   0.00001   0.00001   0.00000   0.00000   0.00000   0.00000   0.00000
   0.00000  -0.00001  -0.00001  -0.00001  -0.00001  -0.00001  -0.00001  -0.00001
  -0.00001  -0.00001  -0.00001  -0.00001  -0.00001  -0.00001  -0.00001  -0.00001
  -0.00001  -0.00001  -0.00001   0.00000   0.00000   0.00000   0.00000   0.00000
   0.00000   0.00000   0.00000   0.00000   0.00000   0.00000   0.00000   0.00000