Core subshells:                                                                  
  1s   2s   2p-  2p   3s   3p-  3p   3d-  3d   4s   4p-  4p   4d-  4d   5s   5p- 
  4f-  4f                                                                               
Valence subshells:                                                               
  5d-  5d   6s                                                         
                                                                                 
Populations:                                                             
                                                                                 
        2.0000000000        2.0000000000        2.0000000000        4.0000000000 
        2.0000000000        2.0000000000        4.0000000000        4.0000000000 
        6.0000000000        2.0000000000        2.0000000000        4.0000000000 
        4.0000000000        6.0000000000        2.0000000000        2.0000000000 
        4.0000000000        6.0000000000        8.0000000000        2.3728193264 
        2.6271806736        2.0000000000                                         
                                                                                
  75.00000  73.79368  70.81589  67.14713  63.39143  59.74337  56.26086  52.97311
  49.89771  47.03964  44.39212  41.94024  39.66530  37.54845  35.57300  33.72555
  31.99613  30.37773  28.86558  27.45630  26.14719  24.93563  23.81869  22.79285
  21.85393  20.99705  20.21678  19.50721  18.86213  18.27517  17.74001  17.25044
  16.80053  16.38470  15.99779  15.63513  15.29252  14.96628  14.65322  14.35062
  14.05624  13.76824  13.48517  13.20593  12.92972  12.65599  12.38444  12.11494
  11.84752  11.58235  11.31966  11.05978  10.80307  10.54994  10.30078  10.05601
   9.81603   9.58119   9.35186   9.12833   8.91089   8.69976   8.49513   8.29716
   8.10595   7.92158   7.74406   7.57341   7.40957   7.25249   7.10205   6.95814
   6.82062   6.68930   6.56402   6.44458   6.33076   6.22235   6.11912   6.02084
   5.92728   5.83820   5.75337   5.67256   5.59553   5.52206   5.45192   5.38490
   5.32080   5.25941   5.20053   5.14397   5.08957   5.03715   4.98655   4.93761
   4.89019   4.84416   4.79939   4.75576   4.71316   4.67148   4.63063   4.59053
   4.55108   4.51223   4.47389   4.43600   4.39852   4.36139   4.32457   4.28801
   4.25168   4.21556   4.17960   4.14380   4.10812   4.07256   4.03710   4.00173
   3.96644
  
  68.00000  67.56448  66.30308  64.33969  61.84617  59.01015  56.00468  52.97036
  50.00740  47.17811  44.51373  42.02402  39.70527  37.54723  35.53780  33.66485
  31.91859  30.29126  28.77639  27.36951  26.06634  24.86313  23.75573  22.73999
  21.81109  20.96364  20.19193  19.48984  18.85110  18.26935  17.73836  17.25181
  16.80396  16.38945  16.00315  15.64046  15.29738  14.97025  14.65604  14.35207
  14.05613  13.76661  13.48208  13.20121  12.92361  12.64840  12.37559  12.10505
  11.83661  11.57050  11.30715  11.04662  10.78944  10.53597  10.28663  10.04178
   9.80180   9.56716   9.33789   9.11467   8.89760   8.68686   8.48262   8.28512
   8.09442   7.91057   7.73369   7.56346   7.40024   7.24378   7.09396   6.95063
   6.81361   6.68286   6.55804   6.43921   6.32586   6.21790   6.11523   6.01732
   5.92421   5.83552   5.75113   5.67067   5.59390   5.52087   5.45092   5.38426
   5.32040   5.25926   5.20051   5.14424   5.08999   5.03772   4.98727   4.93849
   4.89124   4.84537   4.80061   4.75713   4.71453   4.67300   4.63215   4.59218
   4.55272   4.51384   4.47562   4.43771   4.40033   4.36316   4.32629   4.28982
   4.25343   4.21724   4.18136   4.14548   4.10987   4.07422   4.03868   4.00336
   3.96797
  
   1.00000   0.92929   0.74876   0.52681   0.32291   0.16673   0.06285   0.00288
  -0.02541  -0.03337  -0.02983  -0.02091  -0.01048  -0.00077   0.00715   0.01291
   0.01657   0.01840   0.01875   0.01802   0.01652   0.01457   0.01240   0.01018
   0.00804   0.00607   0.00433   0.00284   0.00161   0.00063  -0.00011  -0.00063
  -0.00097  -0.00115  -0.00119  -0.00112  -0.00097  -0.00075  -0.00048  -0.00019
   0.00012   0.00044   0.00075   0.00105   0.00133   0.00159   0.00182   0.00203
   0.00221   0.00237   0.00249   0.00259   0.00267   0.00272   0.00275   0.00275
   0.00274   0.00271   0.00267   0.00261   0.00254   0.00247   0.00238   0.00229
   0.00219   0.00209   0.00198   0.00187   0.00176   0.00165   0.00154   0.00144
   0.00133   0.00123   0.00113   0.00103   0.00093   0.00084   0.00075   0.00067
   0.00059   0.00051   0.00044   0.00037   0.00031   0.00025   0.00019   0.00014
   0.00009   0.00004   0.00000  -0.00004  -0.00008  -0.00011  -0.00014  -0.00017
  -0.00019  -0.00022  -0.00024  -0.00026  -0.00027  -0.00029  -0.00030  -0.00031
  -0.00032  -0.00033  -0.00034  -0.00034  -0.00034  -0.00035  -0.00035  -0.00035
  -0.00035  -0.00035  -0.00035  -0.00035  -0.00035  -0.00034  -0.00034  -0.00034
  -0.00033
  
   1.00000   0.79141   0.38449   0.08673  -0.03466  -0.05020  -0.02904  -0.00581
   0.00868   0.01421   0.01378   0.01040   0.00623   0.00251  -0.00025  -0.00193
  -0.00269  -0.00273  -0.00232  -0.00165  -0.00088  -0.00015   0.00048   0.00098
   0.00133   0.00153   0.00161   0.00159   0.00148   0.00132   0.00113   0.00092
   0.00071   0.00050   0.00032   0.00015   0.00001  -0.00010  -0.00018  -0.00024
  -0.00027  -0.00029  -0.00029  -0.00027  -0.00024  -0.00021  -0.00017  -0.00012
  -0.00007  -0.00002   0.00003   0.00007   0.00011   0.00015   0.00019   0.00022
   0.00024   0.00026   0.00028   0.00029   0.00030   0.00030   0.00030   0.00030
   0.00029   0.00028   0.00027   0.00026   0.00025   0.00023   0.00022   0.00020
   0.00018   0.00017   0.00015   0.00013   0.00012   0.00010   0.00009   0.00007
   0.00006   0.00005   0.00004   0.00002   0.00001   0.00001   0.00000  -0.00001
  -0.00001  -0.00002  -0.00002  -0.00003  -0.00003  -0.00003  -0.00003  -0.00003
  -0.00003  -0.00003  -0.00003  -0.00003  -0.00003  -0.00003  -0.00003  -0.00002
  -0.00002  -0.00002  -0.00001  -0.00001  -0.00001   0.00000   0.00000   0.00000
   0.00001   0.00001   0.00002   0.00002   0.00002   0.00003   0.00003   0.00003
   0.00004