Core subshells:
  1s   2s   2p-  2p   3s   3p-  3p   3d-  3d   4s   4p-  4p 

Valence subshells:
  4d-  4d   5s 

Populations:

        2.0000000000        2.0000000000        2.0000000000        4.0000000000
        2.0000000000        2.0000000000        4.0000000000        4.0000000000
        6.0000000000        2.0000000000        2.0000000000        4.0000000000
        3.8411129003        4.1588870997        1.0000000000

  45.00000  44.09926  41.85326  39.02653  36.08952  33.26811  30.67834  28.37527
  26.37131  24.64981  23.17683  21.91049  20.80782  19.82917  18.94083  18.11602
  17.33492  16.58401  15.85506  15.14400  14.44982  13.77355  13.11746  12.48439
  11.87726  11.29874  10.75100  10.23565   9.75364   9.30530   8.89039   8.50816
   8.15743   7.83669   7.54418   7.27794   7.03592   6.81604   6.61619   6.43432
   6.26848   6.11678   5.97748   5.84896   5.72973   5.61846   5.51394   5.41509
   5.32097   5.23075   5.14373   5.05928   4.97691   4.89617   4.81671   4.73826
   4.66059   4.58351   4.50692   4.43072   4.35486   4.27932   4.20409   4.12918
   4.05464   3.98051   3.90683   3.83367   3.76110   3.68917   3.61796   3.54754
   3.47796   3.40929   3.34160   3.27493   3.20934   3.14488   3.08158   3.01950
   2.95866   2.89908   2.84081   2.78384   2.72821   2.67392   2.62098   2.56939
   2.51916   2.47028   2.42274   2.37653   2.33165   2.28807   2.24579   2.20478
   2.16503   2.12650   2.08919   2.05306   2.01810   1.98426   1.95153   1.91988
   1.88929   1.85971   1.83113   1.80352   1.77684   1.75107   1.72618   1.70214
   1.67893   1.65651   1.63486   1.61395   1.59376   1.57425   1.55541   1.53721
   1.51962
  
  36.00000  35.75187  35.03395  33.91956  32.51276  30.92816  29.27245  27.63186
  26.06656  24.61108  23.27850  22.06635  20.96263  19.95081  19.01356  18.13520
  17.30289  16.50716  15.74175  15.00312  14.28994  13.60238  12.94163  12.30932
  11.70722  11.13693  10.59970  10.09633   9.62713   9.19191   8.79002   8.42041
   8.08168   7.77218   7.49005   7.23330   6.99987   6.78767   6.59465   6.41880
   6.25821   6.11107   5.97568   5.85049   5.73407   5.62513   5.52253   5.42524
   5.33235   5.24309   5.15677   5.07283   4.99077   4.91019   4.83077   4.75224
   4.67440   4.59709   4.52020   4.44365   4.36740   4.29144   4.21577   4.14041
   4.06541   3.99082   3.91668   3.84306   3.77003   3.69767   3.62603   3.55518
   3.48520   3.41614   3.34806   3.28103   3.21510   3.15030   3.08669   3.02430
   2.96317   2.90333   2.84479   2.78759   2.73172   2.67721   2.62407   2.57228
   2.52187   2.47281   2.42511   2.37875   2.33372   2.29001   2.24760   2.20647
   2.16660   2.12798   2.09057   2.05434   2.01929   1.98537   1.95257   1.92085
   1.89019   1.86055   1.83191   1.80424   1.77751   1.75169   1.72676   1.70268
   1.67943   1.65697   1.63529   1.61435   1.59413   1.57459   1.55572   1.53750
   1.51989
    
   1.00000   0.94739   0.80932   0.62992   0.45077   0.29695   0.17777   0.09269
   0.03657   0.00290  -0.01450  -0.02086  -0.02025  -0.01567  -0.00922  -0.00230
   0.00423   0.00987   0.01441   0.01779   0.02009   0.02142   0.02192   0.02176
   0.02108   0.02001   0.01867   0.01716   0.01556   0.01393   0.01232   0.01077
   0.00929   0.00791   0.00664   0.00548   0.00443   0.00349   0.00266   0.00192
   0.00128   0.00072   0.00024  -0.00017  -0.00052  -0.00081  -0.00105  -0.00124
  -0.00140  -0.00152  -0.00161  -0.00168  -0.00172  -0.00175  -0.00176  -0.00175
  -0.00174  -0.00171  -0.00168  -0.00164  -0.00159  -0.00155  -0.00149  -0.00144
  -0.00139  -0.00133  -0.00127  -0.00122  -0.00116  -0.00111  -0.00105  -0.00100
  -0.00095  -0.00090  -0.00086  -0.00081  -0.00077  -0.00072  -0.00068  -0.00064
  -0.00061  -0.00057  -0.00054  -0.00051  -0.00047  -0.00045  -0.00042  -0.00039
  -0.00037  -0.00034  -0.00032  -0.00030  -0.00028  -0.00026  -0.00025  -0.00023
  -0.00022  -0.00020  -0.00019  -0.00017  -0.00016  -0.00015  -0.00014  -0.00013
  -0.00012  -0.00011  -0.00010  -0.00010  -0.00009  -0.00008  -0.00008  -0.00007
  -0.00007  -0.00006  -0.00006  -0.00005  -0.00005  -0.00004  -0.00004  -0.00004
  -0.00003
 
   1.00000   0.76829   0.34479   0.06762  -0.02940  -0.03565  -0.01629   0.00188
   0.01222   0.01553   0.01437   0.01106   0.00720   0.00370   0.00101  -0.00079
  -0.00177  -0.00208  -0.00193  -0.00147  -0.00085  -0.00019   0.00044   0.00099
   0.00142   0.00174   0.00193   0.00202   0.00202   0.00194   0.00180   0.00163
   0.00143   0.00122   0.00101   0.00080   0.00061   0.00044   0.00028   0.00015
   0.00004  -0.00005  -0.00012  -0.00017  -0.00020  -0.00022  -0.00022  -0.00022
  -0.00020  -0.00018  -0.00015  -0.00012  -0.00008  -0.00004   0.00000   0.00004
   0.00008   0.00012   0.00015   0.00018   0.00022   0.00024   0.00027   0.00029
   0.00031   0.00033   0.00034   0.00036   0.00037   0.00037   0.00038   0.00038
   0.00038   0.00038   0.00038   0.00037   0.00036   0.00036   0.00035   0.00034
   0.00033   0.00032   0.00031   0.00030   0.00029   0.00027   0.00026   0.00025
   0.00024   0.00023   0.00021   0.00020   0.00019   0.00018   0.00017   0.00016
   0.00014   0.00013   0.00012   0.00011   0.00011   0.00010   0.00009   0.00008
   0.00007   0.00006   0.00006   0.00005   0.00005   0.00004   0.00003   0.00003
   0.00002   0.00002   0.00002   0.00001   0.00001   0.00000   0.00000   0.00000
   0.00000