Core subshells:                                                                  
  1s   2s   2p-  2p   3s   3p-  3p   3d-  3d   4s   4p-  4p   4d-  4d   5s   5p-
5p   5d-  5d 
                                                                                 
Valence subshells:                                                               
  
  6s   6p-  6p                                                                                
                                                                                 
Populations:                                                             
                                                                  
        2.0000000000        2.0000000000        2.0000000000        4.0000000000 
        2.0000000000        2.0000000000        4.0000000000        4.0000000000 
        6.0000000000        2.0000000000        2.0000000000        4.0000000000 
        4.0000000000        6.0000000000        2.0000000000        2.0000000000 
        4.0000000000        4.0000000000        6.0000000000        2.0000000000 
        2.0000000000        4.0000000000 
                                                                                 
  86.00000  84.64742  81.16778  76.73602  72.25669  68.10714  64.33102  60.86093
  57.63029  54.60249  51.76517  49.11698  46.65741  44.38156  42.27896  40.33460
  38.53101  36.85022  35.27540  33.79197  32.38806  31.05465  29.78535  28.57596
  27.42403  26.32835  25.28847  24.30433  23.37595  22.50317  21.68550  20.92206
  20.21148  19.55195  18.94125  18.37680  17.85571  17.37489  16.93111  16.52107
  16.14146  15.78906  15.46071  15.15346  14.86449  14.59121  14.33126  14.08249
  13.84299  13.61109  13.38534  13.16448  12.94749  12.73351  12.52186  12.31202
  12.10361  11.89636  11.69012  11.48482  11.28049  11.07720  10.87509  10.67432
  10.47512  10.27769  10.08229   9.88916   9.69854   9.51070   9.32585   9.14422
   8.96603   8.79147   8.62071   8.45390   8.29118   8.13266   7.97844   7.82859
   7.68315   7.54217   7.40565   7.27360   7.14599   7.02280   6.90396   6.78943
   6.67912   6.57296   6.47085   6.37270   6.27838   6.18780   6.10083   6.01734
   5.93722   5.86032   5.78654   5.71572   5.64775   5.58249   5.51981   5.45958
   5.40168   5.34599   5.29238   5.24074   5.19094   5.14289   5.09646   5.05156
   5.00809   4.96596   4.92506   4.88531   4.84663   4.80893   4.77215   4.73621
   4.70103
  
  78.00000  77.52285  76.13554  73.96218  71.18152  67.99516  64.59859  61.15972
  57.80637  54.62557  51.66633  48.94712  46.46449  44.20122  42.13216  40.22997
  38.46812  36.82293  35.27514  33.80951  32.41463  31.08334  29.81083  28.59482
  27.43420  26.32916  25.28023  24.28787  23.35295  22.47505  21.65408  20.88894
  20.17792  19.51926  18.91037  18.34841  17.83038  17.35295  16.91251  16.50600
  16.12963  15.78041  15.45482  15.14999  14.86305  14.59142  14.33290  14.08501
  13.84617  13.61446  13.38881  13.16774  12.95046  12.73586  12.52372  12.31309
  12.10388  11.89584  11.68866  11.48252  11.27740  11.07323  10.87048  10.66900
  10.46915  10.27121  10.07542   9.88188   9.69079   9.50269   9.31768   9.13594
   8.95761   8.78318   8.61239   8.44577   8.28311   8.12483   7.97076   7.82114
   7.67600   7.53531   7.39906   7.26734   7.14017   7.01730   6.89874   6.78465
   6.67458   6.56886   6.46695   6.36906   6.27521   6.18488   6.09817   6.01496
   5.93515   5.85855   5.78492   5.71437   5.64662   5.58143   5.51901   5.45891
   5.40118   5.34562   5.29208   5.24046   5.19076   5.14277   5.09646   5.05160
   5.00813   4.96605   4.92517   4.88541   4.84677   4.80894   4.77223   4.73618
   4.70110
 
   1.00000   0.92590   0.73235   0.48728   0.25975   0.09202  -0.00569  -0.04503
  -0.04619  -0.02843  -0.00582   0.01348   0.02599   0.03138   0.03095   0.02661
   0.02021   0.01328   0.00689   0.00166  -0.00213  -0.00447  -0.00551  -0.00550
  -0.00470  -0.00340  -0.00182  -0.00016   0.00142   0.00282   0.00398   0.00485
   0.00545   0.00577   0.00584   0.00570   0.00540   0.00496   0.00442   0.00383
   0.00322   0.00260   0.00201   0.00146   0.00095   0.00051   0.00013  -0.00018
  -0.00043  -0.00061  -0.00073  -0.00080  -0.00082  -0.00079  -0.00073  -0.00064
  -0.00052  -0.00039  -0.00024  -0.00009   0.00007   0.00023   0.00039   0.00054
   0.00068   0.00081   0.00093   0.00104   0.00114   0.00122   0.00129   0.00134
   0.00138   0.00141   0.00143   0.00144   0.00143   0.00142   0.00140   0.00137
   0.00133   0.00129   0.00124   0.00119   0.00113   0.00107   0.00101   0.00095
   0.00088   0.00082   0.00076   0.00069   0.00063   0.00057   0.00052   0.00046
   0.00041   0.00035   0.00031   0.00026   0.00022   0.00018   0.00014   0.00011
   0.00008   0.00005   0.00002   0.00000  -0.00002  -0.00004  -0.00005  -0.00006
  -0.00007  -0.00008  -0.00008  -0.00009  -0.00009  -0.00009  -0.00008  -0.00008
  -0.00008

   1.00000   0.87880   0.59458   0.29987   0.09261  -0.01201  -0.04271  -0.03478
  -0.01396   0.00562   0.01841   0.02382   0.02348   0.01960   0.01415   0.00857
   0.00375   0.00011  -0.00226  -0.00347  -0.00373  -0.00329  -0.00241  -0.00129
  -0.00011   0.00101   0.00199   0.00278   0.00336   0.00373   0.00391   0.00391
   0.00378   0.00353   0.00321   0.00283   0.00243   0.00201   0.00161   0.00123
   0.00088   0.00058   0.00031   0.00009  -0.00008  -0.00021  -0.00030  -0.00036
  -0.00038  -0.00037  -0.00034  -0.00029  -0.00023  -0.00015  -0.00006   0.00003
   0.00013   0.00022   0.00032   0.00041   0.00049   0.00057   0.00064   0.00070
   0.00076   0.00081   0.00085   0.00088   0.00090   0.00092   0.00093   0.00093
   0.00093   0.00092   0.00091   0.00089   0.00087   0.00084   0.00081   0.00078
   0.00075   0.00071   0.00068   0.00064   0.00061   0.00057   0.00053   0.00050
   0.00046   0.00042   0.00039   0.00036   0.00033   0.00030   0.00027   0.00024
   0.00021   0.00019   0.00017   0.00015   0.00013   0.00011   0.00009   0.00008
   0.00007   0.00005   0.00004   0.00004   0.00003   0.00002   0.00002   0.00001
   0.00001   0.00001   0.00001   0.00001   0.00001   0.00001   0.00001   0.00002
   0.00002