Core subshells:                                                                  
  1s   2s   2p-  2p   3s   3p-  3p   3d-  3d   4s   4p-  4p                      
                                                                                 
Valence subshells:                                                               
  4d-  4d   5s                                                                   
                                                                                 
Populations:                                                             
                                                                         
        2.0000000000        2.0000000000        2.0000000000        4.0000000000 
        2.0000000000        2.0000000000        4.0000000000        4.0000000000 
        6.0000000000        2.0000000000        2.0000000000        4.0000000000 
        3.5096265748        3.4903734252        1.0000000000                     
                                                                           
  44.00000  43.07875  40.80151  37.97855  35.09271  32.35649  29.86746  27.66636
  25.75630  24.11509  22.70584  21.48569  20.41222  19.44755  18.56055  17.72749
  16.93172  16.16273  15.41498  14.68656  13.97812  13.29184  12.63063  11.99757
  11.39549  10.82669  10.29283   9.79486   9.33302   8.90694   8.51568   8.15786
   7.83173   7.53527   7.26631   7.02256   6.80171   6.60146   6.41960   6.25401
   6.10268   5.96376   5.83555   5.71650   5.60522   5.50046   5.40114   5.30630
   5.21512   5.12690   5.04103   4.95702   4.87447   4.79305   4.71250   4.63261
   4.55326   4.47432   4.39575   4.31751   4.23960   4.16203   4.08485   4.00809
   3.93182   3.85611   3.78101   3.70661   3.63298   3.56018   3.48830   3.41740
   3.34754   3.27879   3.21120   3.14481   3.07968   3.01585   2.95335   2.89220
   2.83244   2.77409   2.71715   2.66165   2.60758   2.55494   2.50375   2.45398
   2.40564   2.35870   2.31316   2.26900   2.22619   2.18473   2.14458   2.10571
   2.06811   2.03175   1.99660   1.96262   1.92980   1.89809   1.86747   1.83790
   1.80936   1.78182   1.75524   1.72959   1.70484   1.68096   1.65793   1.63570
   1.61426   1.59356   1.57360   1.55433   1.53573   1.51777   1.50043   1.48368
   1.46751
  
  36.00000  35.73168  34.95786  33.76406  32.27022  30.60534  28.88631  27.20340
  25.61630  24.15499  22.82718  21.62473  20.53105  19.52700  18.59338  17.71431
  16.87775  16.07529  15.30218  14.55624  13.83735  13.14650  12.48578  11.85704
  11.26213  10.70232  10.17890   9.69185   9.24123   8.82629   8.44557   8.09780
   7.78108   7.49311   7.23198   6.99529   6.78055   6.58583   6.40873   6.24723
   6.09952   5.96359   5.83796   5.72099   5.61150   5.50815   5.40991   5.31595
   5.22547   5.13763   5.05206   4.96832   4.88578   4.80430   4.72356   4.64349
   4.56389   4.48460   4.40573   4.32720   4.24885   4.17094   4.09336   4.01624
   3.93959   3.86351   3.78800   3.71327   3.63924   3.56607   3.49389   3.42270
   3.35255   3.28341   3.21564   3.14895   3.08356   3.01951   2.95686   2.89537
   2.83544   2.77697   2.71977   2.66408   2.60991   2.55714   2.50573   2.45589
   2.40738   2.36031   2.31474   2.27049   2.22759   2.18589   2.14574   2.10673
   2.06905   2.03269   1.99742   1.96346   1.93056   1.89875   1.86814   1.83850
   1.80997   1.78237   1.75579   1.73006   1.70524   1.68135   1.65823   1.63602
   1.61459   1.59389   1.57381   1.55458   1.53595   1.51789   1.50066   1.48390
   1.46759
  
   1.00000   0.94051   0.78709   0.59378   0.40800   0.25513   0.14204   0.06538
   0.01793  -0.00806  -0.01936  -0.02131  -0.01784  -0.01169  -0.00467   0.00211
   0.00803   0.01281   0.01638   0.01879   0.02018   0.02071   0.02056   0.01987
   0.01881   0.01747   0.01598   0.01441   0.01282   0.01127   0.00977   0.00837
   0.00706   0.00587   0.00479   0.00382   0.00296   0.00220   0.00154   0.00096
   0.00046   0.00004  -0.00032  -0.00061  -0.00086  -0.00106  -0.00122  -0.00135
  -0.00145  -0.00152  -0.00156  -0.00159  -0.00160  -0.00160  -0.00159  -0.00157
  -0.00154  -0.00150  -0.00146  -0.00141  -0.00137  -0.00132  -0.00126  -0.00121
  -0.00116  -0.00111  -0.00106  -0.00100  -0.00095  -0.00091  -0.00086  -0.00081
  -0.00077  -0.00073  -0.00069  -0.00065  -0.00061  -0.00057  -0.00054  -0.00051
  -0.00048  -0.00045  -0.00042  -0.00039  -0.00037  -0.00034  -0.00032  -0.00030
  -0.00028  -0.00026  -0.00025  -0.00023  -0.00021  -0.00020  -0.00019  -0.00017
  -0.00016  -0.00015  -0.00014  -0.00013  -0.00012  -0.00011  -0.00010  -0.00010
  -0.00009  -0.00008  -0.00008  -0.00007  -0.00006  -0.00006  -0.00005  -0.00005
  -0.00005  -0.00004  -0.00004  -0.00003  -0.00003  -0.00003  -0.00003  -0.00002
  -0.00002

   1.00000   0.76351   0.33405   0.05805  -0.03345  -0.03481  -0.01310   0.00523
   0.01455   0.01654   0.01424   0.01017   0.00596   0.00244  -0.00006  -0.00156
  -0.00220  -0.00220  -0.00179  -0.00114  -0.00041   0.00030   0.00092   0.00143
   0.00179   0.00202   0.00213   0.00213   0.00205   0.00190   0.00171   0.00150
   0.00127   0.00104   0.00081   0.00061   0.00042   0.00026   0.00012   0.00001
  -0.00008  -0.00015  -0.00020  -0.00022  -0.00024  -0.00024  -0.00022  -0.00020
  -0.00017  -0.00014  -0.00010  -0.00006  -0.00002   0.00002   0.00007   0.00011
   0.00014   0.00018   0.00022   0.00025   0.00027   0.00030   0.00032   0.00034
   0.00036   0.00037   0.00038   0.00039   0.00039   0.00039   0.00039   0.00039
   0.00039   0.00038   0.00038   0.00037   0.00036   0.00035   0.00034   0.00033
   0.00032   0.00031   0.00029   0.00028   0.00027   0.00025   0.00024   0.00023
   0.00021   0.00020   0.00019   0.00018   0.00017   0.00015   0.00014   0.00013
   0.00012   0.00011   0.00010   0.00009   0.00008   0.00008   0.00007   0.00006
   0.00005   0.00005   0.00004   0.00003   0.00003   0.00002   0.00002   0.00002
   0.00001   0.00001   0.00000   0.00000   0.00000   0.00000  -0.00001  -0.00001
  -0.00001