Core subshells:                                                                  
  1s   2s   2p-  2p                                                              
                                                                                 
Valence subshells:                                                               
  3s   3p-  3p                                                                   
                                                                                 
Populations:                                                             
                                                                          
        2.0000000000        2.0000000000        2.0000000000        4.0000000000 
        2.0000000000        1.6911292351        2.3088707649                     

  16.00000  15.48668  14.18383  12.59037  11.11324   9.92825   9.03875   8.37439
   7.85489   7.41645   7.01705   6.63313   6.25415   5.87764   5.50550   5.14153
   4.78993   4.45447   4.13811   3.84286   3.56986   3.31947   3.09143   2.88500
   2.69907   2.53234   2.38334   2.25055   2.13247   2.02761   1.93455   1.85198
   1.77865   1.71344   1.65533   1.60340   1.55683   1.51487   1.47690   1.44233
   1.41067   1.38148   1.35439   1.32908   1.30525   1.28268   1.26116   1.24051
   1.22058   1.20127   1.18245   1.16405   1.14599   1.12822   1.11070   1.09338
   1.07623   1.05924   1.04239   1.02566   1.00906   0.99256   0.97618   0.95991
   0.94376   0.92772   0.91180   0.89601   0.88035   0.86483   0.84945   0.83422
   0.81915   0.80423   0.78948   0.77490   0.76050   0.74627   0.73223   0.71838
   0.70471   0.69125   0.67797   0.66490   0.65202   0.63935   0.62688   0.61461
   0.31624
  
  10.00000   9.96303   9.85337   9.67458   9.43240   9.13413   8.78854   8.40506
   7.99342   7.56318   7.12335   6.68205   6.24654   5.82273   5.41546   5.02841
   4.66415   4.32435   4.00984   3.72083   3.45674   3.21687   3.00005   2.80476
   2.62960   2.47293   2.33312   2.20864   2.09785   1.99936   1.91188   1.83402
   1.76468   1.70282   1.64751   1.59787   1.55316   1.51270   1.47588   1.44218
   1.41117   1.38244   1.35568   1.33051   1.30672   1.28416   1.26251   1.24170
   1.22159   1.20204   1.18296   1.16432   1.14599   1.12800   1.11019   1.09255
   1.07516   1.05794   1.04084   1.02394   1.00709   0.99038   0.97381   0.95741
   0.94105   0.92488   0.90886   0.89296   0.87718   0.86156   0.84611   0.83081
   0.81568   0.80069   0.78592   0.77130   0.75687   0.74263   0.72853   0.71468
   0.70105   0.68753   0.67429   0.66125   0.64836   0.63572   0.62324   0.61101
   0.31407
  
   1.00000   0.93899   0.77767   0.56757   0.36191   0.19523   0.07950   0.01077
  -0.02212  -0.03137  -0.02718  -0.01683  -0.00495   0.00586   0.01443   0.02042
   0.02400   0.02554   0.02550   0.02433   0.02241   0.02004   0.01748   0.01489
   0.01239   0.01008   0.00799   0.00614   0.00454   0.00319   0.00206   0.00114
   0.00041  -0.00016  -0.00058  -0.00088  -0.00107  -0.00118  -0.00121  -0.00118
  -0.00111  -0.00100  -0.00086  -0.00070  -0.00053  -0.00034  -0.00016   0.00003
   0.00022   0.00041   0.00058   0.00076   0.00092   0.00107   0.00122   0.00136
   0.00148   0.00160   0.00171   0.00180   0.00189   0.00197   0.00204   0.00210
   0.00216   0.00220   0.00225   0.00228   0.00231   0.00233   0.00235   0.00236
   0.00237   0.00237   0.00237   0.00237   0.00236   0.00235   0.00234   0.00232
   0.00230   0.00228   0.00226   0.00224   0.00222   0.00219   0.00216   0.00214
   0.00119
 
   1.00000   0.91142   0.69378   0.44515   0.23926   0.10091   0.02280  -0.01305
  -0.02357  -0.02100  -0.01299  -0.00383   0.00437   0.01079   0.01529   0.01807
   0.01945   0.01976   0.01931   0.01835   0.01707   0.01562   0.01411   0.01261
   0.01117   0.00981   0.00856   0.00742   0.00639   0.00546   0.00464   0.00392
   0.00328   0.00273   0.00224   0.00182   0.00145   0.00113   0.00086   0.00063
   0.00043   0.00026   0.00012   0.00000  -0.00011  -0.00019  -0.00026  -0.00032
  -0.00036  -0.00040  -0.00043  -0.00045  -0.00046  -0.00047  -0.00048  -0.00048
  -0.00048  -0.00047  -0.00047  -0.00046  -0.00045  -0.00044  -0.00043  -0.00042
  -0.00041  -0.00040  -0.00039  -0.00037  -0.00036  -0.00035  -0.00034  -0.00032
  -0.00031  -0.00030  -0.00029  -0.00028  -0.00027  -0.00026  -0.00025  -0.00024
  -0.00023  -0.00022  -0.00021  -0.00020  -0.00019  -0.00018  -0.00018  -0.00017
  -0.00004