Core subshells:                                                                  
  1s   2s   2p-  2p   3s   3p-  3p   3d-  3d   4s   4p-  4p   4d-  4d            
                                                                                 
Valence subshells:                                                               
  5s   5p-  5p                                                                   
                                                                                 
Populations:                                                             
                                                                      
        2.0000000000        2.0000000000        2.0000000000        4.0000000000 
        2.0000000000        2.0000000000        4.0000000000        4.0000000000 
        6.0000000000        2.0000000000        2.0000000000        4.0000000000 
        4.0000000000        6.0000000000        2.0000000000        1.1923209241 
        1.8076790759                                                             
                                                                                
  51.00000  49.92495  47.26586  44.06063  40.94795  38.09143  35.46178  33.01735
  30.74847  28.66658  26.78615  25.11381  23.64491  22.36466  21.25122  20.27910
  19.42211  18.65550  17.95738  17.30941  16.69699  16.10915  15.53819  14.97917
  14.42941  13.88798  13.35519  12.83226  12.32090  11.82308  11.34079  10.87589
  10.43004  10.00458   9.60052   9.21852   8.85894   8.52178   8.20679   7.91348
   7.64112   7.38885   7.15564   6.94040   6.74196   6.55909   6.39059   6.23523
   6.09184   5.95925   5.83636   5.72215   5.61563   5.51589   5.42209   5.33346
   5.24931   5.16901   5.09198   5.01773   4.94581   4.87583   4.80747   4.74042
   4.67444   4.60932   4.54491   4.48104   4.41763   4.35457   4.29181   4.22931
   4.16704   4.10498   4.04314   3.98153   3.92017   3.85908   3.79830   3.73785
   3.67779   3.61814   3.55895   3.50027   3.44213   3.38458   3.32766   3.27140
   3.21584   3.16102   3.10697   3.05372   3.00129   2.94972   2.89902   2.84921
   2.80032   2.75235   2.70532   2.65924   2.61412   2.56996   2.52676   2.48453
   2.44327   2.40297   2.36363   2.32525   2.28781   2.25132   2.21575   2.18110
   2.14736   2.11452   2.08256   2.05146   2.02122   1.99181   1.96322   1.93544
   1.90844
  
  46.00000  45.61714  44.51007  42.79314  40.62866  38.19511  35.65974  33.16091
  30.79925  28.63813  26.70838  25.01558  23.54767  22.28135  21.18770  20.23618
  19.39778  18.64597  17.95855  17.31731  16.70821  16.12095  15.54861  14.98684
  14.43372  13.88860  13.35210  12.82588  12.31168  11.81161  11.32758  10.86151
  10.41512   9.98952   9.58570   9.20430   8.84563   8.50952   8.19567   7.90365
   7.63260   7.38154   7.14963   6.93548   6.73807   6.55618   6.38858   6.23391
   6.09122   5.95912   5.83667   5.72281   5.61652   5.51698   5.42321   5.33462
   5.25038   5.17001   5.09292   5.01845   4.94632   4.87619   4.80756   4.74028
   4.67414   4.60878   4.54414   4.48002   4.41633   4.35310   4.29009   4.22749
   4.16496   4.10282   4.04077   3.97904   3.91755   3.85633   3.79553   3.73498
   3.67482   3.61510   3.55587   3.49716   3.43903   3.38151   3.32455   3.26827
   3.21273   3.15796   3.10389   3.05074   2.99835   2.94683   2.89612   2.84643
   2.79758   2.74967   2.70273   2.65666   2.61167   2.56757   2.52444   2.48231
   2.44106   2.40089   2.36159   2.32327   2.28591   2.24950   2.21404   2.17940
   2.14579   2.11299   2.08107   2.05003   2.01986   1.99053   1.96202   1.93424
   1.90734
  
   1.00000   0.89473   0.63792   0.35246   0.13253   0.00682  -0.04159  -0.04370
  -0.02595  -0.00487   0.01164   0.02129   0.02468   0.02352   0.01967   0.01465
   0.00957   0.00510   0.00156  -0.00094  -0.00246  -0.00315  -0.00318  -0.00273
  -0.00197  -0.00105  -0.00007   0.00088   0.00173   0.00245   0.00302   0.00344
   0.00370   0.00383   0.00384   0.00374   0.00356   0.00331   0.00302   0.00270
   0.00236   0.00202   0.00168   0.00136   0.00106   0.00079   0.00055   0.00033
   0.00015  -0.00001  -0.00013  -0.00023  -0.00030  -0.00034  -0.00037  -0.00038
  -0.00037  -0.00034  -0.00031  -0.00026  -0.00021  -0.00015  -0.00008  -0.00001
   0.00005   0.00012   0.00019   0.00026   0.00032   0.00038   0.00044   0.00049
   0.00054   0.00059   0.00063   0.00067   0.00070   0.00073   0.00075   0.00077
   0.00079   0.00080   0.00081   0.00082   0.00082   0.00082   0.00081   0.00081
   0.00080   0.00079   0.00078   0.00076   0.00075   0.00073   0.00071   0.00069
   0.00067   0.00065   0.00063   0.00060   0.00058   0.00056   0.00054   0.00051
   0.00049   0.00047   0.00045   0.00042   0.00040   0.00038   0.00036   0.00034
   0.00032   0.00030   0.00028   0.00026   0.00025   0.00023   0.00021   0.00020
   0.00018

   1.00000   0.83945   0.49333   0.18751   0.01807  -0.03909  -0.03827  -0.01873
   0.00037   0.01274   0.01817   0.01854   0.01595   0.01210   0.00807   0.00452
   0.00173  -0.00024  -0.00144  -0.00202  -0.00210  -0.00184  -0.00135  -0.00075
  -0.00011   0.00050   0.00106   0.00154   0.00192   0.00220   0.00239   0.00249
   0.00251   0.00247   0.00237   0.00223   0.00207   0.00188   0.00168   0.00148
   0.00128   0.00108   0.00090   0.00073   0.00057   0.00043   0.00031   0.00020
   0.00011   0.00004  -0.00002  -0.00006  -0.00010  -0.00012  -0.00013  -0.00013
  -0.00013  -0.00011  -0.00010  -0.00008  -0.00005  -0.00002   0.00001   0.00004
   0.00007   0.00011   0.00014   0.00017   0.00020   0.00023   0.00026   0.00029
   0.00032   0.00034   0.00036   0.00038   0.00040   0.00042   0.00044   0.00045
   0.00046   0.00047   0.00048   0.00049   0.00049   0.00050   0.00050   0.00050
   0.00050   0.00050   0.00050   0.00049   0.00049   0.00049   0.00048   0.00047
   0.00047   0.00046   0.00045   0.00045   0.00044   0.00043   0.00042   0.00041
   0.00040   0.00039   0.00038   0.00037   0.00036   0.00035   0.00034   0.00033
   0.00032   0.00031   0.00030   0.00029   0.00028   0.00028   0.00027   0.00026
   0.00025