Core subshells:
  1s   2s   2p-  2p   3s   3p-  3p 

Valence subshells:
  3d-    4s 

Populations:

        2.0000000000        2.0000000000        2.0000000000        4.0000000000
        2.0000000000        2.0000000000        4.0000000000        1.0000000000 
        2.0000000000

  21.00000  20.13085  18.35353  16.64097  15.13069  13.72895  12.42118  11.24290
  10.22536   9.37730   8.68726   8.13165   7.68236   7.31197   6.99667   6.71743
   6.46007   6.21476   5.97521   5.73790   5.50132   5.26530   5.03057   4.79834
   4.57001   4.34702   4.13070   3.92221   3.72248   3.53222   3.35193   3.18189
   3.02221   2.87284   2.73360   2.60420   2.48429   2.37342   2.27114   2.17694
   2.09031   2.01073   1.93770   1.87071   1.80927   1.75293   1.70125   1.65380
   1.61020   1.57009   1.53312   1.49899   1.46742   1.43813   1.41088   1.38547
   1.36168   1.33934   1.31829   1.29837   1.27946   1.26144   1.24420   1.22765
   1.21170   1.19628   1.18132   1.16677   1.15257   1.13868   1.12507   1.11168
   1.09851   1.08551   1.07267   1.05998   1.04740   1.03494   1.02258   1.01032
   0.99813   0.98603   0.97399   0.96203   0.95014   0.93832   0.92656   0.91487
   0.90324   0.89168   0.88019   0.86877   0.85743   0.84615   0.83495   0.82383
   0.81279   0.80183   0.79096   0.78017   0.76947   0.75886   0.74835   0.73792
   0.72760   0.71737   0.70724   0.69721   0.68728   0.67746   0.66774   0.65813
   0.64862   0.63922   0.62993   0.62075   0.61167   0.60271   0.59386   0.58511
   0.57648   0.00000   0.00000   0.00000   0.00000   0.00000   0.00000   0.00000
  
  18.00000  17.75654  17.06555  16.03185  14.79429  13.49132  12.23536  11.10071
  10.12397   9.31160   8.65016   8.11565   7.68071   7.31917   7.00856   6.73107
   6.47351   6.22683   5.98529   5.74576   5.50698   5.26895   5.03247   4.79878
   4.56930   4.34544   4.12850   3.91960   3.71964   3.52929   3.34903   3.17910
   3.01959   2.87044   2.73143   2.60229   2.48262   2.37200   2.26995   2.17596
   2.08953   2.01014   1.93726   1.87041   1.80910   1.75286   1.70126   1.65388
   1.61034   1.57027   1.53333   1.49922   1.46766   1.43837   1.41112   1.38570
   1.36189   1.33953   1.31846   1.29851   1.27958   1.26153   1.24426   1.22767
   1.21169   1.19624   1.18125   1.16667   1.15244   1.13852   1.12488   1.11147
   1.09826   1.08524   1.07238   1.05966   1.04707   1.03459   1.02221   1.00992
   0.99772   0.98560   0.97355   0.96158   0.94967   0.93784   0.92607   0.91437
   0.90273   0.89117   0.87967   0.86825   0.85689   0.84562   0.83441   0.82329
   0.81225   0.80129   0.79041   0.77962   0.76893   0.75832   0.74780   0.73738
   0.72705   0.71683   0.70670   0.69667   0.68675   0.67693   0.66722   0.65761
   0.64810   0.63871   0.62942   0.62024   0.61118   0.60222   0.59337   0.58463
   0.57600   0.00000   0.00000   0.00000   0.00000   0.00000   0.00000   0.00000
  
   1.00000   0.93513   0.77384   0.58218   0.40894   0.27301   0.17452   0.10654
   0.06114   0.03162   0.01297   0.00158  -0.00502  -0.00852  -0.01007  -0.01041
  -0.01005  -0.00930  -0.00837  -0.00739  -0.00643  -0.00554  -0.00473  -0.00402
  -0.00339  -0.00286  -0.00240  -0.00201  -0.00168  -0.00141  -0.00117  -0.00098
  -0.00082  -0.00068  -0.00057  -0.00047  -0.00039  -0.00033  -0.00027  -0.00023
  -0.00019  -0.00016  -0.00013  -0.00011  -0.00009  -0.00007  -0.00006  -0.00005
  -0.00004  -0.00003  -0.00002  -0.00002  -0.00001  -0.00001   0.00000   0.00000
   0.00000   0.00000   0.00000   0.00001   0.00001   0.00001   0.00001   0.00001
   0.00001   0.00001   0.00001   0.00001   0.00001   0.00001   0.00001   0.00001
   0.00001   0.00001   0.00001   0.00001   0.00001   0.00001   0.00001   0.00001
   0.00001   0.00001   0.00001   0.00001   0.00000   0.00000   0.00000   0.00000
   0.00000   0.00000   0.00000   0.00000   0.00000   0.00000   0.00000   0.00000
   0.00000   0.00000   0.00000   0.00000   0.00000   0.00000   0.00000   0.00000
   0.00000   0.00000   0.00000   0.00000   0.00000   0.00000   0.00000   0.00000
   0.00000   0.00000   0.00000   0.00000   0.00000   0.00000   0.00000   0.00000
   0.00000   0.00000   0.00000   0.00000   0.00000   0.00000   0.00000   0.00000
  
   1.00000   0.71959   0.25707   0.01347  -0.03626  -0.01769   0.00565   0.01783
   0.02012   0.01703   0.01206   0.00720   0.00333   0.00066  -0.00091  -0.00161
  -0.00170  -0.00139  -0.00086  -0.00024   0.00038   0.00094   0.00141   0.00178
   0.00205   0.00222   0.00230   0.00231   0.00226   0.00217   0.00204   0.00188
   0.00172   0.00154   0.00137   0.00120   0.00103   0.00088   0.00073   0.00060
   0.00048   0.00038   0.00028   0.00020   0.00013   0.00007   0.00002  -0.00002
  -0.00005  -0.00008  -0.00009  -0.00011  -0.00011  -0.00012  -0.00012  -0.00011
  -0.00011  -0.00010  -0.00009  -0.00007  -0.00006  -0.00005  -0.00003  -0.00002
   0.00000   0.00001   0.00003   0.00005   0.00006   0.00008   0.00009   0.00010
   0.00012   0.00013   0.00014   0.00015   0.00017   0.00018   0.00019   0.00019
   0.00020   0.00021   0.00022   0.00023   0.00023   0.00024   0.00024   0.00025
   0.00025   0.00026   0.00026   0.00026   0.00026   0.00027   0.00027   0.00027
   0.00027   0.00027   0.00027   0.00027   0.00027   0.00027   0.00027   0.00027
   0.00027   0.00027   0.00027   0.00027   0.00026   0.00026   0.00026   0.00026
   0.00026   0.00026   0.00025   0.00025   0.00025   0.00025   0.00024   0.00024
   0.00024   0.00000   0.00000   0.00000   0.00000   0.00000   0.00000   0.00000