Core subshells:                                                                  
  1s   2s   2p-  2p   3s   3p-  3p   3d-  3d                                 
                                                                                 
Valence subshells:                                                         
  4s   4p-  4p                                                                        
                                                                                 
Populations:                                                             
                                                                        
        2.0000000000        2.0000000000        2.0000000000        4.0000000000 
        2.0000000000        2.0000000000        4.0000000000        4.0000000000 
        6.0000000000        2.0000000000        1.7666185174        2.2333814826 
                                                                               
  34.00000  33.28215  31.45472  29.18045  26.96406  25.00056  23.28593  21.75000
  20.32702  18.97672  17.68275  16.44454  15.26933  14.16657  13.14452  12.20870
  11.36137  10.60177   9.92662   9.33074   8.80770   8.35033   7.95118   7.60287
   7.29832   7.03093   6.79469   6.58424   6.39485   6.22243   6.06351   5.91516
   5.77496   5.64097   5.51162   5.38567   5.26221   5.14056   5.02023   4.90093
   4.78248   4.66482   4.54796   4.43199   4.31703   4.20325   4.09080   3.97988
   3.87067   3.76334   3.65807   3.55501   3.45431   3.35608   3.26044   3.16748
   3.07726   2.98984   2.90526   2.82355   2.74471   2.66873   2.59561   2.52531
   2.45779   2.39301   2.33091   2.27144   2.21452   2.16009   2.10808   2.05840
   2.01098   1.96573   1.92258   1.88143   1.84222   1.80485   1.76925   1.73534
   1.70304   1.67226   1.64294   1.61501   1.58839   1.56301   1.53882   1.51573
   1.49370   1.47266   1.45257   1.43335   1.41497   1.39736   1.38050   1.36432
   1.34879   1.33387   1.31951   1.30569   1.29237   1.27951   1.26709   1.25507
   1.24343   1.23215   1.22119   1.21054   1.20017   1.19007   1.18022   1.17059
   1.16118   1.15196   1.14293   1.13406   1.12536   1.11679   1.10837   1.10007
   1.09188
  
  28.00000  27.84744  27.39835  26.67777  25.72333  24.58173  23.30359  21.93911
  20.53468  19.13109  17.76180  16.45252  15.22225  14.08287  13.04136  12.09933
  11.25571  10.50591   9.84405   9.26285   8.75441   8.31053   7.92326   7.58499
   7.28865   7.02750   6.79596   6.58868   6.40124   6.22973   6.07082   5.92186
   5.78066   5.64516   5.51424   5.38657   5.26129   5.13787   5.01583   4.89492
   4.77495   4.65602   4.53809   4.42107   4.30524   4.19078   4.07781   3.96649
   3.85704   3.74953   3.64422   3.54119   3.44063   3.34254   3.24731   3.15458
   3.06471   2.97783   2.89366   2.81236   2.73399   2.65845   2.58594   2.51613
   2.44905   2.38477   2.32318   2.26418   2.20771   2.15373   2.10216   2.05281
   2.00587   1.96100   1.91821   1.87740   1.83850   1.80149   1.76613   1.73250
   1.70049   1.66987   1.64086   1.61310   1.58665   1.56147   1.53744   1.51448
   1.49257   1.47172   1.45174   1.43261   1.41436   1.39681   1.38001   1.36395
   1.34848   1.33361   1.31933   1.30550   1.29223   1.27938   1.26709   1.25501
   1.24349   1.23216   1.22114   1.21053   1.20029   1.19014   1.18030   1.17061
   1.16123   1.15193   1.14289   1.13408   1.12531   1.11678   1.10829   1.09998
   1.09182
  
   1.00000   0.93074   0.74985   0.52000   0.30334   0.13702   0.03041  -0.02493
  -0.04416  -0.04201  -0.02974  -0.01469  -0.00095   0.00963   0.01663   0.02036
   0.02147   0.02068   0.01866   0.01594   0.01296   0.01001   0.00728   0.00488
   0.00288   0.00128   0.00006  -0.00080  -0.00137  -0.00167  -0.00176  -0.00168
  -0.00147  -0.00117  -0.00082  -0.00042  -0.00001   0.00039   0.00079   0.00115
   0.00149   0.00179   0.00206   0.00228   0.00246   0.00261   0.00272   0.00280
   0.00284   0.00286   0.00285   0.00281   0.00276   0.00269   0.00261   0.00251
   0.00241   0.00229   0.00218   0.00205   0.00193   0.00181   0.00168   0.00156
   0.00144   0.00132   0.00120   0.00109   0.00099   0.00089   0.00079   0.00070
   0.00062   0.00054   0.00046   0.00039   0.00033   0.00027   0.00022   0.00017
   0.00012   0.00008   0.00005   0.00002  -0.00001  -0.00003  -0.00006  -0.00007
  -0.00009  -0.00010  -0.00011  -0.00012  -0.00012  -0.00012  -0.00012  -0.00012
  -0.00012  -0.00012  -0.00011  -0.00010  -0.00010  -0.00009  -0.00008  -0.00007
  -0.00006  -0.00005  -0.00004  -0.00002  -0.00001   0.00000   0.00001   0.00003
   0.00004   0.00005   0.00006   0.00008   0.00009   0.00010   0.00012   0.00013
   0.00014

   1.00000   0.89331   0.63916   0.36569   0.15852   0.03620  -0.01962  -0.03479
  -0.02984  -0.01759  -0.00488   0.00534   0.01226   0.01610   0.01749   0.01715
   0.01569   0.01362   0.01131   0.00900   0.00685   0.00495   0.00333   0.00202
   0.00098   0.00020  -0.00035  -0.00071  -0.00091  -0.00098  -0.00095  -0.00084
  -0.00067  -0.00047  -0.00024   0.00000   0.00024   0.00048   0.00071   0.00092
   0.00112   0.00130   0.00146   0.00160   0.00172   0.00181   0.00189   0.00195
   0.00200   0.00203   0.00205   0.00205   0.00204   0.00202   0.00200   0.00196
   0.00192   0.00187   0.00182   0.00177   0.00171   0.00165   0.00159   0.00153
   0.00146   0.00140   0.00134   0.00127   0.00121   0.00115   0.00109   0.00103
   0.00097   0.00092   0.00087   0.00081   0.00077   0.00072   0.00067   0.00063
   0.00059   0.00055   0.00051   0.00047   0.00044   0.00040   0.00037   0.00034
   0.00031   0.00029   0.00026   0.00024   0.00022   0.00019   0.00017   0.00016
   0.00014   0.00012   0.00011   0.00009   0.00008   0.00007   0.00005   0.00004
   0.00003   0.00002   0.00001   0.00001   0.00000  -0.00001  -0.00002  -0.00002
  -0.00003  -0.00003  -0.00004  -0.00004  -0.00005  -0.00005  -0.00005  -0.00006
  -0.00006