Core subshells:                                                                  
  1s   2s   2p-  2p                                                              
                                                                                 
Valence subshells:                                                               
  3s   3p-  3p                                                                   
                                                                                 
Populations:                                                             
                                                                           
        2.0000000000        2.0000000000        2.0000000000        4.0000000000 
        2.0000000000        1.3526789782        0.6473210218                     
                                                                                
  14.00000  13.44608  12.15737  10.78534   9.67692   8.85658   8.22775   7.69582
   7.20193   6.71918   6.24072   5.76976   5.31321   4.87820   4.47048   4.09392
   3.75055   3.44080   3.16393   2.91833   2.70182   2.51191   2.34598   2.20141
   2.07569   1.96642   1.87144   1.78877   1.71663   1.65346   1.59789   1.54871
   1.50490   1.46556   1.42994   1.39739   1.36737   1.33942   1.31315   1.28825
   1.26446   1.24156   1.21937   1.19776   1.17661   1.15582   1.13534   1.11511
   1.09509   1.07525   1.05557   1.03604   1.01665   0.99740   0.97830   0.95935
   0.94055   0.92192   0.90346   0.88518   0.86708   0.84919   0.83151   0.81405
   0.79682   0.77982   0.76306   0.74655   0.73029   0.71429   0.69856   0.68309
   0.66790   0.65297   0.63832   0.62395   0.60985   0.59602   0.58248   0.56920
   0.55620   0.54347   0.53102   0.51883   0.50690   0.49524   0.48383   0.47268
   0.22180
  
  10.00000   9.94612   9.78715   9.53075   9.18879   8.77626   8.30990   7.80692
   7.28396   6.75585   6.23544   5.73309   5.25657   4.81129   4.40063   4.02610
   3.68783   3.38482   3.11539   2.87720   2.66767   2.48408   2.32376   2.18405
   2.06235   1.95654   1.86438   1.78391   1.71354   1.65177   1.59722   1.54878
   1.50553   1.46652   1.43109   1.39858   1.36851   1.34043   1.31404   1.28895
   1.26490   1.24181   1.21935   1.19748   1.17608   1.15504   1.13432   1.11386
   1.09364   1.07359   1.05372   1.03407   1.01451   0.99511   0.97589   0.95682
   0.93798   0.91925   0.90073   0.88236   0.86422   0.84632   0.82856   0.81112
   0.79384   0.77683   0.76006   0.74359   0.72735   0.71135   0.69562   0.68017
   0.66500   0.65012   0.63550   0.62112   0.60706   0.59332   0.57981   0.56656
   0.55362   0.54089   0.52852   0.51635   0.50449   0.49282   0.48148   0.47037
   0.22066

   1.00000   0.90127   0.66054   0.39138   0.17853   0.04750  -0.01500  -0.03368
  -0.02986  -0.01751  -0.00422   0.00664   0.01409   0.01833   0.02001   0.01985
   0.01851   0.01649   0.01417   0.01180   0.00953   0.00748   0.00567   0.00412
   0.00284   0.00180   0.00097   0.00033  -0.00014  -0.00048  -0.00070  -0.00083
  -0.00088  -0.00087  -0.00081  -0.00072  -0.00060  -0.00047  -0.00032  -0.00017
  -0.00002   0.00014   0.00029   0.00043   0.00057   0.00070   0.00082   0.00093
   0.00104   0.00113   0.00121   0.00129   0.00136   0.00142   0.00147   0.00151
   0.00155   0.00158   0.00161   0.00163   0.00165   0.00166   0.00166   0.00166
   0.00166   0.00166   0.00165   0.00164   0.00163   0.00162   0.00160   0.00158
   0.00156   0.00154   0.00152   0.00150   0.00148   0.00145   0.00143   0.00141
   0.00138   0.00136   0.00133   0.00131   0.00128   0.00126   0.00123   0.00121
   0.00058
 
   1.00000   0.84871   0.52457   0.23592   0.06554  -0.00733  -0.02607  -0.02187
  -0.01113  -0.00082   0.00686   0.01171   0.01425   0.01513   0.01493   0.01407
   0.01285   0.01149   0.01011   0.00878   0.00755   0.00644   0.00544   0.00457
   0.00381   0.00315   0.00258   0.00210   0.00168   0.00133   0.00103   0.00078
   0.00057   0.00040   0.00025   0.00013   0.00003  -0.00005  -0.00012  -0.00017
  -0.00021  -0.00024  -0.00027  -0.00029  -0.00030  -0.00031  -0.00031  -0.00031
  -0.00031  -0.00031  -0.00030  -0.00029  -0.00029  -0.00028  -0.00027  -0.00026
  -0.00025  -0.00024  -0.00023  -0.00022  -0.00021  -0.00021  -0.00020  -0.00019
  -0.00018  -0.00017  -0.00016  -0.00016  -0.00015  -0.00014  -0.00014  -0.00013
  -0.00012  -0.00012  -0.00011  -0.00011  -0.00010  -0.00010  -0.00009  -0.00009
  -0.00008  -0.00008  -0.00008  -0.00007  -0.00007  -0.00007  -0.00006  -0.00006
  -0.00001