Core subshells:
  1s   2s   2p-  2p   3s   3p-  3p   3d-  3d   4s   4p-  4p   4d-  4d   5s   5p-  5p 

Valence subshells:
  4f-  4f   6s 

Populations:

        2.0000000000        2.0000000000        2.0000000000        4.0000000000
        2.0000000000        2.0000000000        4.0000000000        4.0000000000
        6.0000000000        2.0000000000        2.0000000000        4.0000000000
        4.0000000000        6.0000000000        2.0000000000        2.0000000000
        4.0000000000        3.5407874386        2.4592125614        2.0000000000

  62.00000  60.52513  57.46717  54.17224  50.79992  47.42049  44.19454  41.23450
  38.57010  36.17754  34.01397  32.03877  30.22202  28.54517  26.99823  25.57611
  24.27561  23.09325  22.02417  21.06170  20.19747  19.42180  18.72421  18.09399
  17.52062  16.99419  16.50569  16.04713  15.61172  15.19379  14.78884  14.39340
  14.00494  13.62178  13.24290  12.86789  12.49676  12.12990  11.76791  11.41158
  11.06178  10.71941  10.38536  10.06047   9.74550   9.44111   9.14785   8.86616
   8.59634   8.33862   8.09306   7.85967   7.63832   7.42884   7.23094   7.04431
   6.86854   6.70321   6.54785   6.40196   6.26504   6.13656   6.01599   5.90281
   5.79649   5.69653   5.60242   5.51369   5.42988   5.35055   5.27529   5.20369
   5.13539   5.07005   5.00735   4.94698   4.88869   4.83221   4.77732   4.72382
   4.67152   4.62024   4.56985   4.52021   4.47121   4.42274   4.37472   4.32707
   4.27972   4.23264   4.18577   4.13908   4.09254   4.04614   3.99987   3.95371
   3.90766   3.86173   3.81592   3.77025   3.72472   3.67934   3.63414   3.58914
   3.54434   3.49977   3.45545   3.41141   3.36765   3.32421   3.28109   3.23833
   3.19594   3.15394   3.11235   3.07118   3.03045   2.99018   2.95038   2.91107
   2.87225
  
  54.00000  53.38786  51.68710  49.23856  46.44140  43.62253  40.97846  38.58446
  36.43623  34.49335  32.70963  31.04848  29.48730  28.01579  26.63196  25.33798
  24.13694  23.03072  22.01893  21.09864  20.26453  19.50944  18.82497  18.20206
  17.63158  17.10471  16.61330  16.15011  15.70886  15.28437  14.87245  14.46990
  14.07440  13.68439  13.29898  12.91781  12.54095  12.16879  11.80196  11.44123
  11.08746  10.74153  10.40431  10.07661   9.75916   9.45260   9.15744   8.87409
   8.60285   8.34389   8.09728   7.86299   7.64088   7.43075   7.23232   7.04523
   6.86909   6.70345   6.54784   6.40175   6.26467   6.13606   6.01540   5.90214
   5.79577   5.69576   5.60163   5.51288   5.42907   5.34973   5.27447   5.20288
   5.13459   5.06926   5.00657   4.94622   4.88794   4.83147   4.77660   4.72311
   4.67082   4.61956   4.56918   4.51956   4.47056   4.42210   4.37409   4.32645
   4.27912   4.23204   4.18518   4.13850   4.09197   4.04558   3.99932   3.95316
   3.90713   3.86121   3.81541   3.76974   3.72422   3.67885   3.63366   3.58867
   3.54388   3.49932   3.45501   3.41097   3.36723   3.32379   3.28069   3.23794
   3.19556   3.15357   3.11198   3.07082   3.03011   2.98985   2.95006   2.91075
   2.87194
 
   1.00000   0.97948   0.92188   0.83713   0.73710   0.63231   0.53040   0.43620
   0.35219   0.27927   0.21733   0.16564   0.12315   0.08872   0.06120   0.03951
   0.02265   0.00978   0.00014  -0.00690  -0.01187  -0.01521  -0.01728  -0.01839
  -0.01875  -0.01858  -0.01801  -0.01718  -0.01616  -0.01504  -0.01386  -0.01268
  -0.01152  -0.01040  -0.00933  -0.00833  -0.00740  -0.00654  -0.00576  -0.00505
  -0.00441  -0.00383  -0.00331  -0.00285  -0.00244  -0.00208  -0.00176  -0.00148
  -0.00124  -0.00103  -0.00084  -0.00068  -0.00055  -0.00043  -0.00033  -0.00024
  -0.00017  -0.00011  -0.00005  -0.00001   0.00003   0.00005   0.00008   0.00010
   0.00011   0.00012   0.00013   0.00014   0.00014   0.00014   0.00015   0.00014
   0.00014   0.00014   0.00014   0.00014   0.00013   0.00013   0.00012   0.00012
   0.00011   0.00011   0.00011   0.00010   0.00010   0.00009   0.00009   0.00008
   0.00008   0.00008   0.00007   0.00007   0.00007   0.00006   0.00006   0.00006
   0.00005   0.00005   0.00005   0.00005   0.00004   0.00004   0.00004   0.00004
   0.00003   0.00003   0.00003   0.00003   0.00003   0.00003   0.00002   0.00002
   0.00002   0.00002   0.00002   0.00002   0.00002   0.00002   0.00002   0.00001
   0.00001
 
   1.00000   0.63019   0.12439  -0.04454  -0.03205   0.00207   0.01683   0.01644
   0.01038   0.00427   0.00017  -0.00176  -0.00209  -0.00147  -0.00047   0.00054
   0.00137   0.00192   0.00220   0.00223   0.00208   0.00181   0.00147   0.00112
   0.00078   0.00048   0.00023   0.00004  -0.00009  -0.00017  -0.00021  -0.00021
  -0.00017  -0.00012  -0.00005   0.00003   0.00011   0.00018   0.00026   0.00032
   0.00038   0.00042   0.00046   0.00048   0.00050   0.00050   0.00050   0.00049
   0.00047   0.00045   0.00042   0.00039   0.00036   0.00033   0.00029   0.00026
   0.00023   0.00019   0.00016   0.00014   0.00011   0.00008   0.00006   0.00004
   0.00003   0.00001   0.00000  -0.00001  -0.00002  -0.00002  -0.00003  -0.00003
  -0.00003  -0.00003  -0.00003  -0.00002  -0.00002  -0.00001  -0.00001   0.00000
   0.00000   0.00001   0.00002   0.00003   0.00003   0.00004   0.00005   0.00005
   0.00006   0.00007   0.00007   0.00008   0.00009   0.00009   0.00010   0.00010
   0.00011   0.00011   0.00011   0.00012   0.00012   0.00012   0.00012   0.00013
   0.00013   0.00013   0.00013   0.00013   0.00013   0.00013   0.00013   0.00013
   0.00013   0.00013   0.00013   0.00012   0.00012   0.00012   0.00012   0.00012
   0.00011