Core subshells:                                                                  
  1s   2s   2p-  2p   3s   3p-  3p   3d-  3d   4s   4p-  4p   4d-  4d            
                                                                                 
Valence subshells:                                                               
  5s   5p-  5p                                                                   

Populations:                                                             
                                                                          
        2.0000000000        2.0000000000        2.0000000000        4.0000000000 
        2.0000000000        2.0000000000        4.0000000000        4.0000000000 
        6.0000000000        2.0000000000        2.0000000000        4.0000000000 
        4.0000000000        6.0000000000        2.0000000000        1.5861546587 
        0.4138453413                                                             
                                                                                
  50.00000  48.94246  46.37337  43.31051  40.29727  37.45817  34.79285  32.30425
  30.01241  27.93924  26.09648  24.48168  23.07974  21.86674  20.81410  19.89216
  19.07281  18.33111  17.64618  17.00143  16.38439  15.78632  15.20162  14.62724
  14.06211  13.50656  12.96188  12.42993  11.91283  11.41270  10.93154  10.47105
  10.03262   9.61726   9.22558   8.85786   8.51401   8.19367   7.89621   7.62076
   7.36632   7.13174   6.91576   6.71710   6.53443   6.36641   6.21173   6.06912
   5.93737   5.81529   5.70182   5.59592   5.49666   5.40317   5.31468   5.23047
   5.14991   5.07244   4.99756   4.92483   4.85388   4.78439   4.71608   4.64872
   4.58212   4.51613   4.45062   4.38551   4.32072   4.25621   4.19194   4.12791
   4.06411   4.00055   3.93727   3.87428   3.81162   3.74932   3.68744   3.62601
   3.56508   3.50469   3.44489   3.38572   3.32723   3.26945   3.21243   3.15620
   3.10080   3.04625   2.99259   2.93983   2.88801   2.83715   2.78725   2.73834
   2.69042   2.64351   2.59762   2.55274   2.50888   2.46604   2.42422   2.38341
   2.34361   2.30482   2.26701   2.23019   2.19434   2.15944   2.12550   2.09248
   2.06038   2.02918   1.99887   1.96941   1.94081   1.91304   1.88607   1.85990
   1.83451
  
  46.00000  45.57475  44.35214  42.47697  40.14796  37.57463  34.94337  32.39796
  30.03501  27.90773  26.03485  24.41062  23.01325  21.81239  20.77475  19.86736
  19.06049  18.32815  17.64966  17.00856  16.39288  15.79441  15.20818  14.63151
  14.06377  13.50562  12.95844  12.42433  11.90541  11.40390  10.92179  10.46086
  10.02217   9.60701   9.21570   8.84851   8.50538   8.18595   7.88936   7.61476
   7.36125   7.12756   6.91240   6.71453   6.53252   6.36507   6.21091   6.06881
   5.93742   5.81564   5.70236   5.59662   5.49745   5.40397   5.31556   5.23127
   5.15063   5.07303   4.99802   4.92523   4.85411   4.78448   4.71591   4.64839
   4.58167   4.51552   4.44984   4.38455   4.31961   4.25498   4.19055   4.12642
   4.06249   3.99890   3.93547   3.87243   3.80973   3.74730   3.68540   3.62397
   3.56295   3.50260   3.44276   3.38358   3.32510   3.26736   3.21030   3.15407
   3.09878   3.04417   2.99058   2.93782   2.88612   2.83529   2.78536   2.73654
   2.68864   2.64186   2.59602   2.55111   2.50734   2.46451   2.42281   2.38204
   2.34230   2.30357   2.26575   2.22902   2.19318   2.15841   2.12449   2.09152
   2.05947   2.02833   1.99798   1.96861   1.94009   1.91231   1.88535   1.85929
   1.83390

   1.00000   0.87745   0.58974   0.29200   0.08468  -0.01778  -0.04634  -0.03752
  -0.01688   0.00224   0.01495   0.02088   0.02155   0.01891   0.01464   0.00999
   0.00573   0.00227  -0.00024  -0.00183  -0.00262  -0.00278  -0.00247  -0.00185
  -0.00106  -0.00021   0.00062   0.00137   0.00200   0.00251   0.00288   0.00311
   0.00322   0.00322   0.00313   0.00297   0.00275   0.00250   0.00222   0.00193
   0.00163   0.00135   0.00108   0.00083   0.00060   0.00040   0.00022   0.00007
  -0.00005  -0.00015  -0.00022  -0.00027  -0.00030  -0.00031  -0.00031  -0.00030
  -0.00027  -0.00023  -0.00019  -0.00014  -0.00009  -0.00003   0.00003   0.00009
   0.00014   0.00020   0.00026   0.00031   0.00036   0.00040   0.00045   0.00049
   0.00052   0.00055   0.00058   0.00061   0.00063   0.00064   0.00066   0.00067
   0.00067   0.00068   0.00068   0.00068   0.00067   0.00067   0.00066   0.00065
   0.00064   0.00063   0.00061   0.00060   0.00058   0.00057   0.00055   0.00053
   0.00051   0.00049   0.00047   0.00045   0.00043   0.00041   0.00040   0.00038
   0.00036   0.00034   0.00032   0.00030   0.00029   0.00027   0.00025   0.00024
   0.00022   0.00021   0.00019   0.00018   0.00016   0.00015   0.00014   0.00013
   0.00012

   1.00000   0.80641   0.42086   0.12475  -0.01003  -0.04047  -0.02892  -0.00935
   0.00558   0.01353   0.01584   0.01464   0.01170   0.00826   0.00504   0.00240
   0.00045  -0.00082  -0.00150  -0.00172  -0.00161  -0.00128  -0.00082  -0.00030
   0.00022   0.00070   0.00111   0.00145   0.00170   0.00188   0.00198   0.00201
   0.00199   0.00192   0.00182   0.00169   0.00154   0.00138   0.00122   0.00105
   0.00089   0.00074   0.00060   0.00048   0.00036   0.00026   0.00017   0.00010
   0.00004  -0.00001  -0.00005  -0.00007  -0.00009  -0.00010  -0.00010  -0.00010
  -0.00009  -0.00008  -0.00006  -0.00004  -0.00002   0.00001   0.00003   0.00006
   0.00008   0.00011   0.00014   0.00016   0.00019   0.00021   0.00023   0.00025
   0.00027   0.00029   0.00030   0.00032   0.00033   0.00034   0.00036   0.00036
   0.00037   0.00038   0.00038   0.00039   0.00039   0.00039   0.00040   0.00040
   0.00039   0.00039   0.00039   0.00039   0.00038   0.00038   0.00038   0.00037
   0.00036   0.00036   0.00035   0.00035   0.00034   0.00033   0.00033   0.00032
   0.00031   0.00030   0.00030   0.00029   0.00028   0.00027   0.00026   0.00026
   0.00025   0.00024   0.00023   0.00023   0.00022   0.00021   0.00021   0.00020
   0.00019