Core subshells:
  1s   2s   2p-  2p   3s   3p-  3p   3d-  3d   4s   4p-  4p 

Valence subshells:
  5s 

Populations:

        2.0000000000        2.0000000000        2.0000000000        4.0000000000
        2.0000000000        2.0000000000        4.0000000000        4.0000000000
        6.0000000000        2.0000000000        2.0000000000        4.0000000000
        2.0000000000
 
  38.00000  36.80126  34.45772  32.17123  29.98776  27.86310  25.87439  24.09000
  22.52190  21.14084  19.90232  18.76446  17.69611  16.67824  15.70202  14.76577
  13.87199  13.02498  12.22922  11.48839  10.80478  10.17922   9.61108   9.09850
   8.63864   8.22790   7.86224   7.53734   7.24881   6.99235   6.76383   6.55936
   6.37538   6.20867   6.05633   5.91582   5.78495   5.66182   5.54483   5.43263
   5.32414   5.21845   5.11486   5.01282   4.91194   4.81192   4.71256   4.61374
   4.51543   4.41762   4.32035   4.22371   4.12778   4.03268   3.93853   3.84546
   3.75359   3.66305   3.57394   3.48640   3.40051   3.31637   3.23406   3.15366
   3.07523   2.99881   2.92445   2.85218   2.78203   2.71399   2.64809   2.58431
   2.52264   2.46307   2.40557   2.35011   2.29667   2.24520   2.19566   2.14801
   2.10221   2.05819   2.01592   1.97534   1.93640   1.89905   1.86322   1.82887
   1.79594   1.76438   1.73413   1.70515   1.67738   1.65076   1.62526   1.60082
   1.57739   1.55492   1.53338   1.51272   1.49289   1.47386   1.45558   1.43802
   1.42115   1.40491   1.38929   1.37425   1.35976   1.34579   1.33231   1.31929
   1.30670   1.29453   1.28275   1.27134   1.26027   1.24953   1.23909   1.22894
   1.21906   0.00000   0.00000   0.00000   0.00000   0.00000   0.00000   0.00000
  
  36.00000  35.51871  34.18243  32.25992  30.06924  27.87824  25.85388  24.06295
  22.50157  21.12996  19.89903  18.76581  17.69949  16.68187  15.70488  14.76741
  13.87235  13.02422  12.22761  11.48621  10.80230  10.17666   9.60862   9.09626
   8.63667   8.22626   7.86092   7.53633   7.24810   6.99189   6.76357   6.55927
   6.37543   6.20880   6.05653   5.91606   5.78520   5.66206   5.54504   5.43281
   5.32427   5.21853   5.11489   5.01281   4.91187   4.81180   4.71239   4.61353
   4.51518   4.41733   4.32003   4.22336   4.12741   4.03230   3.93814   3.84505
   3.75318   3.66263   3.57353   3.48599   3.40010   3.31597   3.23367   3.15328
   3.07486   2.99846   2.92411   2.85186   2.78172   2.71370   2.64781   2.58405
   2.52240   2.46284   2.40536   2.34992   2.29649   2.24503   2.19551   2.14787
   2.10208   2.05808   2.01582   1.97525   1.93632   1.89898   1.86316   1.82882
   1.79590   1.76434   1.73410   1.70513   1.67736   1.65075   1.62525   1.60081
   1.57739   1.55493   1.53339   1.51273   1.49290   1.47387   1.45560   1.43804
   1.42116   1.40493   1.38931   1.37427   1.35978   1.34580   1.33232   1.31930
   1.30672   1.29455   1.28277   1.27135   1.26028   1.24954   1.23910   1.22895
   1.21906   0.00000   0.00000   0.00000   0.00000   0.00000   0.00000   0.00000
  
   1.00000   0.64128   0.13765  -0.04434  -0.04074  -0.00757   0.01026   0.01353
   0.01016   0.00544   0.00164  -0.00067  -0.00169  -0.00182  -0.00143  -0.00082
  -0.00018   0.00038   0.00081   0.00109   0.00124   0.00128   0.00123   0.00112
   0.00098   0.00082   0.00066   0.00050   0.00036   0.00023   0.00013   0.00004
  -0.00002  -0.00007  -0.00010  -0.00012  -0.00012  -0.00012  -0.00011  -0.00009
  -0.00007  -0.00004  -0.00002   0.00001   0.00004   0.00006   0.00008   0.00011
   0.00013   0.00014   0.00016   0.00017   0.00018   0.00019   0.00020   0.00020
   0.00021   0.00021   0.00021   0.00021   0.00020   0.00020   0.00019   0.00019
   0.00018   0.00018   0.00017   0.00016   0.00015   0.00015   0.00014   0.00013
   0.00012   0.00011   0.00011   0.00010   0.00009   0.00008   0.00008   0.00007
   0.00006   0.00006   0.00005   0.00005   0.00004   0.00004   0.00003   0.00003
   0.00002   0.00002   0.00002   0.00001   0.00001   0.00001   0.00000   0.00000
   0.00000   0.00000   0.00000   0.00000  -0.00001  -0.00001  -0.00001  -0.00001
  -0.00001  -0.00001  -0.00001  -0.00001  -0.00001  -0.00001  -0.00001  -0.00001
  -0.00001  -0.00001  -0.00001  -0.00001  -0.00001  -0.00001   0.00000   0.00000
   0.00000   0.00000   0.00000   0.00000   0.00000   0.00000   0.00000   0.00000