Core subshells:                                                                  
  1s   2s   2p-  2p   3s   3p-  3p   3d-  3d   4s   4p-  4p   4d-  4d   5s   5p- 
  5p  4f-  4f                                                                                 

Valence  subshells:                                                              
  5d-  5d   6s                                                         
                                                                                 
Populations:                                                             
                                                                                 
        2.0000000000        2.0000000000        2.0000000000        4.0000000000 
        2.0000000000        2.0000000000        4.0000000000        4.0000000000 
        6.0000000000        2.0000000000        2.0000000000        4.0000000000 
        4.0000000000        6.0000000000        2.0000000000        2.0000000000 
        4.0000000000        6.0000000000        8.0000000000        2.3171484436 
        0.6828515564        2.0000000000                                         
                                                                                
  73.00000  71.74808  68.76720  65.23929  61.67978  58.18737  54.79356  51.54227
  48.47434  45.61264  42.96066  40.50821  38.23843  36.13312  34.17605  32.35423
  30.65805  29.08063  27.61697  26.26307  25.01521  23.86944  22.82128  21.86561
  20.99661  20.20793  19.49276  18.84408  18.25480  17.71791  17.22668  16.77472
  16.35611  15.96545  15.59791  15.24921  14.91568  14.59416  14.28206  13.97725
  13.67807  13.38325  13.09186  12.80329  12.51719  12.23342  11.95202  11.67317
  11.39715  11.12433  10.85512  10.58995  10.32929  10.07357   9.82324   9.57868
   9.34027   9.10833   8.88315   8.66495   8.45393   8.25023   8.05393   7.86509
   7.68372   7.50977   7.34317   7.18384   7.03162   6.88636   6.74787   6.61596
   6.49040   6.37096   6.25739   6.14943   6.04684   5.94935   5.85669   5.76860
   5.68482   5.60509   5.52916   5.45679   5.38772   5.32174   5.25862   5.19814
   5.14009   5.08430   5.03055   4.97869   4.92855   4.87996   4.83279   4.78690
   4.74216   4.69845   4.65566   4.61370   4.57247   4.53188   4.49187   4.45236
   4.41328   4.37459   4.33623   4.29815   4.26032   4.22271   4.18528   4.14801
   4.11088   4.07387   4.03696   4.00015   3.96343   3.92678   3.89022   3.85373
   3.81732
  
  68.00000  67.49863  66.05534  63.83410  61.05905  57.96391  54.75146  51.57336
  48.52650  45.66139  42.99562  40.52576  38.23899  36.11900  34.15018  32.32005
  30.61882  29.03920  27.57563  26.22352  24.97885  23.83726  22.79360  21.84261
  20.97816  20.19372  19.48242  18.83706  18.25058  17.71596  17.22645  16.77576
  16.35798  15.96774  15.60034  15.25144  14.91756  14.59548  14.28281  13.97725
  13.67728  13.38171  13.08947  12.80018  12.51324  12.22878  11.94680  11.66741
  11.39106  11.11773  10.84826  10.58293  10.32205  10.06618   9.81586   9.57132
   9.33302   9.10126   8.87613   8.65812   8.44736   8.24397   8.04785   7.85931
   7.67830   7.50464   7.33835   7.17930   7.02748   6.88242   6.74433   6.61271
   6.48746   6.36833   6.25492   6.14724   6.04488   5.94770   5.85529   5.76737
   5.68383   5.60424   5.52850   5.45621   5.38740   5.32155   5.25845   5.19815
   5.14016   5.08457   5.03091   4.97899   4.92894   4.88045   4.83337   4.78744
   4.74280   4.69905   4.65636   4.61435   4.57322   4.53259   4.49266   4.45309
   4.41396   4.37535   4.33693   4.29893   4.26103   4.22349   4.18598   4.14863
   4.11156   4.07446   4.03761   4.00071   3.96403   3.92729   3.89077   3.85432
   3.81781
  
   1.00000   0.90739   0.68435   0.43608   0.23387   0.09793   0.01972  -0.01769
  -0.02987  -0.02831  -0.02051  -0.01096  -0.00204   0.00515   0.01030   0.01349
   0.01503   0.01527   0.01457   0.01325   0.01157   0.00973   0.00788   0.00612
   0.00453   0.00314   0.00197   0.00103   0.00029  -0.00025  -0.00062  -0.00084
  -0.00094  -0.00093  -0.00084  -0.00069  -0.00049  -0.00026  -0.00002   0.00024
   0.00049   0.00073   0.00097   0.00118   0.00138   0.00155   0.00170   0.00183
   0.00194   0.00202   0.00208   0.00213   0.00215   0.00216   0.00215   0.00213
   0.00209   0.00204   0.00199   0.00193   0.00186   0.00178   0.00170   0.00162
   0.00153   0.00145   0.00136   0.00127   0.00119   0.00110   0.00102   0.00093
   0.00086   0.00078   0.00070   0.00063   0.00056   0.00050   0.00044   0.00038
   0.00032   0.00027   0.00022   0.00017   0.00013   0.00009   0.00005   0.00002
  -0.00001  -0.00004  -0.00007  -0.00010  -0.00012  -0.00014  -0.00016  -0.00017
  -0.00019  -0.00020  -0.00021  -0.00022  -0.00023  -0.00024  -0.00025  -0.00025
  -0.00026  -0.00026  -0.00026  -0.00026  -0.00026  -0.00026  -0.00026  -0.00026
  -0.00026  -0.00026  -0.00026  -0.00025  -0.00025  -0.00025  -0.00024  -0.00024
  -0.00024
  
   1.00000   0.76362   0.32944   0.04850  -0.04047  -0.03520  -0.00855   0.01099
   0.01875   0.01807   0.01332   0.00764   0.00276  -0.00064  -0.00253  -0.00317
  -0.00293  -0.00217  -0.00116  -0.00013   0.00079   0.00152   0.00204   0.00234
   0.00245   0.00241   0.00224   0.00199   0.00170   0.00138   0.00106   0.00075
   0.00048   0.00024   0.00005  -0.00011  -0.00022  -0.00029  -0.00033  -0.00035
  -0.00033  -0.00030  -0.00025  -0.00019  -0.00012  -0.00004   0.00003   0.00010
   0.00017   0.00024   0.00029   0.00035   0.00039   0.00043   0.00046   0.00048
   0.00049   0.00050   0.00050   0.00050   0.00049   0.00048   0.00046   0.00044
   0.00042   0.00040   0.00037   0.00034   0.00031   0.00029   0.00026   0.00023
   0.00020   0.00018   0.00015   0.00013   0.00011   0.00009   0.00007   0.00005
   0.00003   0.00002   0.00001   0.00000  -0.00001  -0.00002  -0.00003  -0.00003
  -0.00004  -0.00004  -0.00004  -0.00004  -0.00004  -0.00004  -0.00004  -0.00003
  -0.00003  -0.00003  -0.00002  -0.00002  -0.00001  -0.00001   0.00000   0.00000
   0.00001   0.00002   0.00002   0.00003   0.00004   0.00004   0.00005   0.00005
   0.00006   0.00006   0.00007   0.00008   0.00008   0.00008   0.00009   0.00009
   0.00010