Core subshells:
  1s   2s   2p-  2p   3s   3p-  3p   3d-  3d   4s   4p-  4p   4d-  4d   5s   5p-  5p 

Valence subshells:
  4f-  4f   6s 

Populations:

        2.0000000000        2.0000000000        2.0000000000        4.0000000000
        2.0000000000        2.0000000000        4.0000000000        4.0000000000
        6.0000000000        2.0000000000        2.0000000000        4.0000000000
        4.0000000000        6.0000000000        2.0000000000        2.0000000000
        4.0000000000        4.9141503698        4.0858496302        2.0000000000

  65.00000  63.60268  60.63738  57.37601  53.99923  50.56465  47.22407  44.10316
  41.25505  38.67693  36.33903  34.20577  32.24673  30.44000  28.77155  27.23296
  25.81896  24.52539  23.34785  22.28093  21.31792  20.45090  19.67102  18.96880
  18.33455  17.75874  17.23224  16.74660  16.29419  15.86829  15.46314  15.07392
  14.69674  14.32854  13.96704  13.61062  13.25825  12.90937  12.56383  12.22177
  11.88358  11.54981  11.22112  10.89823  10.58188  10.27280   9.97166   9.67909
   9.39564   9.12177   8.85787   8.60421   8.36100   8.12835   7.90629   7.69476
   7.49365   7.30278   7.12191   6.95077   6.78902   6.63631   6.49226   6.35647
   6.22851   6.10796   5.99438   5.88736   5.78644   5.69122   5.60129   5.51624
   5.43569   5.35927   5.28662   5.21742   5.15134   5.08808   5.02736   4.96893
   4.91254   4.85797   4.80500   4.75346   4.70316   4.65396   4.60570   4.55826
   4.51153   4.46540   4.41979   4.37462   4.32982   4.28533   4.24110   4.19709
   4.15327   4.10961   4.06608   4.02268   3.97939   3.93620   3.89312   3.85015
   3.80728   3.76452   3.72190   3.67940   3.63706   3.59488   3.55287   3.51106
   3.46946   3.42808   3.38695   3.34608   3.30548   3.26518   3.22519   3.18552
   3.14620
  
  54.00000  53.44803  51.91007  49.67742  47.09279  44.44689  41.92665  39.61590
  37.52527  35.62712  33.88245  32.25643  30.72464  29.27359  27.89828  26.59909
  25.37880  24.24046  23.18594  22.21525  21.32634  20.51522  19.77638  19.10313
  18.48818  17.92393  17.40291  16.91804  16.46281  16.03141  15.61883  15.22088
  14.83414  14.45594  14.08431  13.71785  13.35570  12.99745  12.64301  12.29260
  11.94663  11.60568  11.27040  10.94149  10.61969  10.30568  10.00012   9.70360
   9.41663   9.13964   8.87299   8.61691   8.37158   8.13708   7.91341   7.70049
   7.49819   7.30629   7.12455   6.95266   6.79028   6.63705   6.49256   6.35640
   6.22814   6.10734   5.99356   5.88638   5.78534   5.69002   5.60002   5.51492
   5.43433   5.35788   5.28523   5.21602   5.14994   5.08669   5.02598   4.96757
   4.91120   4.85664   4.80370   4.75217   4.70190   4.65271   4.60448   4.55706
   4.51035   4.46424   4.41865   4.37350   4.32872   4.28425   4.24003   4.19604
   4.15224   4.10859   4.06508   4.02170   3.97842   3.93525   3.89219   3.84923
   3.80638   3.76364   3.72103   3.67855   3.63622   3.59406   3.55207   3.51027
   3.46869   3.42733   3.38621   3.34535   3.30477   3.26449   3.22451   3.18486
   3.14556
  
   1.00000   0.98264   0.93352   0.86019   0.77194   0.67731   0.58289   0.49317
   0.41082   0.33718   0.27266   0.21706   0.16983   0.13020   0.09735   0.07041
   0.04857   0.03108   0.01726   0.00649  -0.00175  -0.00791  -0.01238  -0.01549
  -0.01751  -0.01868  -0.01919  -0.01918  -0.01879  -0.01813  -0.01726  -0.01627
  -0.01520  -0.01409  -0.01298  -0.01188  -0.01082  -0.00980  -0.00884  -0.00793
  -0.00709  -0.00632  -0.00561  -0.00495  -0.00436  -0.00382  -0.00334  -0.00291
  -0.00252  -0.00217  -0.00186  -0.00158  -0.00134  -0.00113  -0.00094  -0.00077
  -0.00063  -0.00050  -0.00039  -0.00030  -0.00022  -0.00015  -0.00009  -0.00004
   0.00000   0.00004   0.00007   0.00009   0.00011   0.00013   0.00014   0.00015
   0.00015   0.00016   0.00016   0.00016   0.00016   0.00016   0.00016   0.00016
   0.00016   0.00015   0.00015   0.00014   0.00014   0.00013   0.00013   0.00013
   0.00012   0.00012   0.00011   0.00011   0.00010   0.00010   0.00009   0.00009
   0.00009   0.00008   0.00008   0.00007   0.00007   0.00007   0.00006   0.00006
   0.00006   0.00005   0.00005   0.00005   0.00005   0.00004   0.00004   0.00004
   0.00004   0.00004   0.00003   0.00003   0.00003   0.00003   0.00003   0.00003
   0.00002
  
   1.00000   0.65545   0.16284  -0.02155  -0.02051   0.01099   0.02569   0.02437
   0.01621   0.00760   0.00132  -0.00210  -0.00318  -0.00270  -0.00142   0.00010
   0.00151   0.00260   0.00331   0.00364   0.00365   0.00342   0.00302   0.00252
   0.00199   0.00148   0.00100   0.00060   0.00027   0.00002  -0.00016  -0.00026
  -0.00030  -0.00029  -0.00024  -0.00016  -0.00006   0.00006   0.00017   0.00029
   0.00040   0.00050   0.00059   0.00066   0.00072   0.00077   0.00080   0.00082
   0.00082   0.00081   0.00080   0.00077   0.00074   0.00070   0.00065   0.00061
   0.00056   0.00051   0.00045   0.00040   0.00035   0.00031   0.00026   0.00022
   0.00018   0.00014   0.00011   0.00008   0.00005   0.00003   0.00001   0.00000
  -0.00002  -0.00003  -0.00003  -0.00004  -0.00004  -0.00004  -0.00004  -0.00003
  -0.00003  -0.00002  -0.00001  -0.00001   0.00000   0.00001   0.00002   0.00004
   0.00005   0.00006   0.00007   0.00008   0.00009   0.00010   0.00011   0.00012
   0.00013   0.00014   0.00015   0.00016   0.00017   0.00017   0.00018   0.00019
   0.00019   0.00020   0.00020   0.00021   0.00021   0.00021   0.00021   0.00022
   0.00022   0.00022   0.00022   0.00022   0.00022   0.00022   0.00022   0.00022
   0.00021