Core subshells:
  1s   2s   2p-  2p   3s   3p-  3p   3d-  3d   4s   4p-  4p 

Valence subshells:
  4d-  4d   5s 

Populations:

        2.0000000000        2.0000000000        2.0000000000        4.0000000000
        2.0000000000        2.0000000000        4.0000000000        4.0000000000
        6.0000000000        2.0000000000        2.0000000000        4.0000000000
        2.1113151518        2.8886848482        2.0000000000

  43.00000  41.94898  39.49874  36.69296  33.97383  31.43756  29.11980  27.04740
  25.22855  23.64948  22.28008  21.08230  20.01725  19.05008  18.15251  17.30362
  16.48942  15.70179  14.93720  14.19531  13.47786  12.78765  12.12780  11.50127
  10.91051  10.35725   9.84245   9.36631   8.92834   8.52742   8.16196   7.82997
   7.52920   7.25720   7.01145   6.78941   6.58859   6.40657   6.24108   6.08998
   5.95130   5.82326   5.70424   5.59279   5.48764   5.38769   5.29197   5.19965
   5.11005   5.02259   4.93679   4.85227   4.76872   4.68592   4.60369   4.52192
   4.44053   4.35949   4.27878   4.19843   4.11848   4.03896   3.95996   3.88154
   3.80378   3.72676   3.65055   3.57524   3.50091   3.42763   3.35547   3.28449
   3.21476   3.14632   3.07923   3.01353   2.94926   2.88644   2.82510   2.76526
   2.70693   2.65013   2.59486   2.54111   2.48889   2.43819   2.38899   2.34128
   2.29504   2.25026   2.20690   2.16495   2.12438   2.08516   2.04726   2.01065
   1.97530   1.94118   1.90825   1.87648   1.84583   1.81628   1.78779   1.76031
   1.73383   1.70831   1.68370   1.65999   1.63714   1.61511   1.59387   1.57340
   1.55367   1.53463   1.51628   1.49857   1.48149   1.46499   1.44907   1.43370
   1.41884
  
  36.00000  35.71235  34.88512  33.61549  32.03779  30.29462  28.51226  26.78557
  25.17349  23.70265  22.37523  21.17801  20.09029  19.08983  18.15654  17.27446
  16.43221  15.62277  14.84269  14.09115  13.36910  12.67843  12.02138  11.40007
  10.81621  10.27092   9.76467   9.29727   8.86792   8.47530   8.11766   7.79292
   7.49876   7.23273   6.99230   6.77496   6.57823   6.39976   6.23731   6.08878
   5.95226   5.82601   5.70844   5.59816   5.49393   5.39467   5.29946   5.20749
   5.11811   5.03075   4.94495   4.86036   4.77668   4.69369   4.61124   4.52921
   4.44755   4.36621   4.28520   4.20455   4.12428   4.04446   3.96516   3.88644
   3.80839   3.73109   3.65462   3.57906   3.50448   3.43097   3.35859   3.28740
   3.21747   3.14885   3.08159   3.01572   2.95130   2.88833   2.82686   2.76690
   2.70845   2.65155   2.59617   2.54233   2.49003   2.43924   2.38997   2.34219
   2.29589   2.25104   2.20763   2.16563   2.12501   2.08575   2.04781   2.01117
   1.97578   1.94163   1.90867   1.87687   1.84620   1.81662   1.78810   1.76061
   1.73411   1.70857   1.68395   1.66022   1.63735   1.61531   1.59406   1.57358
   1.55383   1.53479   1.51642   1.49871   1.48161   1.46511   1.44918   1.43380
   1.41893
   
   1.00000   0.94228   0.79087   0.59532   0.40351   0.24444   0.12774   0.05080
   0.00562  -0.01676  -0.02417  -0.02266  -0.01653  -0.00860  -0.00060   0.00649
   0.01225   0.01654   0.01944   0.02111   0.02176   0.02160   0.02084   0.01964
   0.01816   0.01651   0.01479   0.01307   0.01140   0.00980   0.00832   0.00695
   0.00571   0.00460   0.00361   0.00274   0.00198   0.00131   0.00075   0.00026
  -0.00015  -0.00049  -0.00077  -0.00100  -0.00119  -0.00133  -0.00144  -0.00152
  -0.00158  -0.00161  -0.00163  -0.00163  -0.00162  -0.00160  -0.00156  -0.00153
  -0.00148  -0.00144  -0.00139  -0.00133  -0.00128  -0.00123  -0.00117  -0.00112
  -0.00106  -0.00101  -0.00096  -0.00091  -0.00086  -0.00081  -0.00077  -0.00072
  -0.00068  -0.00064  -0.00060  -0.00056  -0.00053  -0.00050  -0.00047  -0.00044
  -0.00041  -0.00038  -0.00036  -0.00033  -0.00031  -0.00029  -0.00027  -0.00025
  -0.00023  -0.00022  -0.00020  -0.00019  -0.00018  -0.00016  -0.00015  -0.00014
  -0.00013  -0.00012  -0.00011  -0.00010  -0.00009  -0.00009  -0.00008  -0.00007
  -0.00007  -0.00006  -0.00006  -0.00005  -0.00005  -0.00004  -0.00004  -0.00004
  -0.00003  -0.00003  -0.00003  -0.00003  -0.00002  -0.00002  -0.00002  -0.00002
  -0.00001

   1.00000   0.76262   0.32965   0.05043  -0.04077  -0.03962  -0.01558   0.00393
   0.01349   0.01531   0.01284   0.00880   0.00480   0.00162  -0.00051  -0.00165
  -0.00202  -0.00184  -0.00134  -0.00069  -0.00001   0.00061   0.00112   0.00150
   0.00176   0.00188   0.00191   0.00185   0.00172   0.00155   0.00136   0.00115
   0.00094   0.00074   0.00055   0.00038   0.00024   0.00012   0.00002  -0.00006
  -0.00012  -0.00015  -0.00018  -0.00018  -0.00018  -0.00017  -0.00014  -0.00012
  -0.00008  -0.00005  -0.00001   0.00003   0.00007   0.00010   0.00014   0.00017
   0.00020   0.00023   0.00026   0.00028   0.00030   0.00032   0.00033   0.00034
   0.00035   0.00035   0.00036   0.00036   0.00036   0.00036   0.00035   0.00035
   0.00034   0.00033   0.00033   0.00032   0.00031   0.00030   0.00028   0.00027
   0.00026   0.00025   0.00024   0.00022   0.00021   0.00020   0.00019   0.00018
   0.00016   0.00015   0.00014   0.00013   0.00012   0.00011   0.00010   0.00009
   0.00009   0.00008   0.00007   0.00006   0.00006   0.00005   0.00004   0.00004
   0.00003   0.00003   0.00002   0.00002   0.00001   0.00001   0.00001   0.00000
   0.00000   0.00000   0.00000  -0.00001  -0.00001  -0.00001  -0.00001  -0.00001
  -0.00001