Core subshells:                                                                  
  1s   2s   2p-  2p   3s   3p-  3p   3d-  3d   4s   4p-  4p   4d-  4d        
                                                                                 
Valence subshells:                                                               
  5s   5p-  5p                                                                        
                                                                                 
Populations:                                                             
                                                                         
        2.0000000000        2.0000000000        2.0000000000        4.0000000000 
        2.0000000000        2.0000000000        4.0000000000        4.0000000000 
        6.0000000000        2.0000000000        2.0000000000        4.0000000000 
        4.0000000000        6.0000000000        2.0000000000        1.8592565787 
        2.1407434213                                                             
                                                                                
  52.00000  50.91082  48.18432  44.85732  41.62914  38.71399  36.08462  33.67142
  31.43406  29.36441  27.47026  25.76081  24.23872  22.89775  21.72368  20.69677
  19.79449  18.99383  18.27312  17.61318  16.99787  16.41434  15.85290  15.30670
  14.77134  14.24440  13.72504  13.21357  12.71106  12.21909  11.73947  11.27405
  10.82460  10.39268   9.97960   9.58638   9.21370   8.86198   8.53132   8.22156
   7.93232   7.66302   7.41290   7.18109   6.96661   6.76840   6.58536   6.41638
   6.26033   6.11611   5.98264   5.85888   5.74384   5.63658   5.53624   5.44198
   5.35307   5.26882   5.18860   5.11184   5.03804   4.96675   4.89757   4.83015
   4.76419   4.69943   4.63565   4.57266   4.51030   4.44846   4.38703   4.32593
   4.26510   4.20452   4.14415   4.08397   4.02401   3.96425   3.90472   3.84544
   3.78645   3.72776   3.66943   3.61149   3.55397   3.49691   3.44036   3.38436
   3.32893   3.27412   3.21996   3.16649   3.11374   3.06173   3.01050   2.96006
   2.91044   2.86166   2.81373   2.76668   2.72051   2.67523   2.63086   2.58740
   2.54485   2.50322   2.46250   2.42270   2.38382   2.34585   2.30878   2.27260
   2.23732   2.20292   2.16939   2.13672   2.10490   2.07392   2.04375   2.01440
   1.98584
  
  46.00000  45.65215  44.64174  43.06154  41.04564  38.74664  36.31384  33.87654
  31.53540  29.35958  27.38911  25.63945  24.10746  22.77739  21.62564  20.62521
  19.74876  18.97024  18.26667  17.61864  17.01038  16.42984  15.86824  15.31968
  14.78044  14.24888  13.72460  13.20845  12.70166  12.20610  11.72350  11.25598
  10.80507  10.37244   9.95917   9.56633   9.19440   8.84382   8.51447   8.20625
   7.91872   7.65109   7.40261   7.17244   6.95949   6.76274   6.58096   6.41314
   6.25818   6.11479   5.98207   5.85893   5.74445   5.63756   5.53747   5.44333
   5.35457   5.27026   5.18995   5.11313   5.03907   4.96757   4.89818   4.83051
   4.76428   4.69919   4.63515   4.57180   4.50913   4.44702   4.38531   4.32394
   4.26277   4.20198   4.14136   4.08101   4.02084   3.96087   3.90123   3.84174
   3.78265   3.72388   3.66539   3.60740   3.54976   3.49272   3.43611   3.38008
   3.32466   3.26989   3.21570   3.16223   3.10951   3.05757   3.00643   2.95602
   2.90645   2.85775   2.80984   2.76293   2.71682   2.67164   2.62738   2.58395
   2.54156   2.50001   2.45940   2.41962   2.38087   2.34295   2.30605   2.26996
   2.23478   2.20049   2.16698   2.13445   2.10268   2.07185   2.04175   2.01248
   1.98400

   1.00000   0.90801   0.67713   0.40621   0.18056   0.03665  -0.03083  -0.04601
  -0.03402  -0.01316   0.00613   0.01944   0.02608   0.02717   0.02446   0.01967
   0.01414   0.00882   0.00428   0.00078  -0.00163  -0.00304  -0.00360  -0.00349
  -0.00291  -0.00203  -0.00099   0.00010   0.00114   0.00208   0.00287   0.00350
   0.00397   0.00426   0.00441   0.00442   0.00432   0.00412   0.00386   0.00353
   0.00317   0.00280   0.00241   0.00203   0.00167   0.00132   0.00101   0.00072
   0.00047   0.00025   0.00006  -0.00009  -0.00022  -0.00031  -0.00037  -0.00041
  -0.00043  -0.00043  -0.00041  -0.00038  -0.00033  -0.00028  -0.00021  -0.00014
  -0.00007   0.00001   0.00009   0.00016   0.00024   0.00032   0.00039   0.00046
   0.00052   0.00058   0.00064   0.00069   0.00074   0.00078   0.00082   0.00085
   0.00088   0.00090   0.00092   0.00093   0.00094   0.00095   0.00095   0.00095
   0.00095   0.00094   0.00093   0.00092   0.00091   0.00089   0.00088   0.00086
   0.00084   0.00081   0.00079   0.00077   0.00074   0.00072   0.00069   0.00067
   0.00064   0.00062   0.00059   0.00056   0.00054   0.00051   0.00049   0.00046
   0.00044   0.00042   0.00039   0.00037   0.00035   0.00033   0.00031   0.00029
   0.0002

   1.00000   0.86066   0.54707   0.24585   0.05561  -0.02649  -0.04188  -0.02827
  -0.00832   0.00778   0.01722   0.02062   0.01978   0.01652   0.01229   0.00805
   0.00437   0.00149  -0.00052  -0.00174  -0.00230  -0.00235  -0.00204  -0.00149
  -0.00081  -0.00010   0.00060   0.00123   0.00178   0.00222   0.00255   0.00277
   0.00290   0.00294   0.00290   0.00281   0.00266   0.00248   0.00227   0.00205
   0.00182   0.00159   0.00136   0.00115   0.00095   0.00076   0.00059   0.00044
   0.00031   0.00020   0.00010   0.00002  -0.00004  -0.00008  -0.00012  -0.00014
  -0.00015  -0.00015  -0.00014  -0.00013  -0.00010  -0.00008  -0.00005  -0.00002
   0.00002   0.00006   0.00009   0.00013   0.00017   0.00021   0.00024   0.00028
   0.00031   0.00034   0.00037   0.00040   0.00043   0.00045   0.00048   0.00050
   0.00051   0.00053   0.00055   0.00056   0.00057   0.00058   0.00058   0.00059
   0.00059   0.00059   0.00060   0.00060   0.00059   0.00059   0.00059   0.00058
   0.00058   0.00057   0.00056   0.00056   0.00055   0.00054   0.00053   0.00052
   0.00051   0.00050   0.00049   0.00048   0.00047   0.00046   0.00045   0.00043
   0.00042   0.00041   0.00040   0.00039   0.00038   0.00037   0.00035   0.00034
   0.00033