Core subshells:                                                                  
  1s   2s   2p-  2p   3s   3p-  3p                                               
                                                                                 
Valence subshells:                                                               
  3d-  3d   4s                                                                 
                                                                                 
Populations:                                                             
                                                                           
        2.0000000000        2.0000000000        2.0000000000        4.0000000000 
        2.0000000000        2.0000000000        4.0000000000        1.6180381479 
        0.3819618521        2.0000000000                                                                                                                                                                                                 
  22.00000  21.17145  19.41369  17.64346  16.05382  14.58022  13.20374  11.95136
  10.85232   9.91914   9.14649   8.51661   8.00551   7.58779   7.23982   6.94135
   6.67615   6.43196   6.20003   5.97452   5.75193   5.53048   5.30964   5.08970
   4.87146   4.65601   4.44453   4.23817   4.03800   3.84492   3.65967   3.48283
   3.31479   3.15579   3.00592   2.86515   2.73335   2.61030   2.49571   2.38923
   2.29050   2.19910   2.11460   2.03659   1.96462   1.89827   1.83713   1.78080
   1.72889   1.68104   1.63691   1.59616   1.55850   1.52364   1.49131   1.46128
   1.43333   1.40723   1.38281   1.35989   1.33832   1.31795   1.29865   1.28030
   1.26280   1.24606   1.22998   1.21450   1.19953   1.18502   1.17092   1.15718
   1.14375   1.13060   1.11769   1.10500   1.09249   1.08015   1.06796   1.05590
   1.04395   1.03211   1.02037   1.00871   0.99713   0.98563   0.97420   0.96283
   0.95153   0.94029   0.92911   0.91799   0.90693   0.89593   0.88500   0.87412
   0.86332   0.85257   0.84190   0.83129   0.82075   0.81028   0.79989   0.78958
   0.77934   0.76918   0.75910   0.74911   0.73919   0.72937   0.71963   0.70998
   0.70042   0.69096   0.68158   0.67230   0.66311   0.65402   0.64502   0.63612
   0.62732
  
  18.00000  17.78760  17.18039  16.25932  15.13484  13.92185  12.71993  11.60144
  10.60914   9.75964   9.05039   8.46670   7.98772   7.59109   7.25601   6.96447
   6.70209   6.45795   6.22444   5.99633   5.77074   5.54612   5.32232   5.09965
   4.87902   4.66146   4.44832   4.24059   4.03934   3.84535   3.65948   3.48220
   3.31392   3.15466   3.00474   2.86396   2.73220   2.60925   2.49477   2.38837
   2.28982   2.19850   2.11411   2.03623   1.96436   1.89811   1.83705   1.78082
   1.72893   1.68117   1.63706   1.59631   1.55875   1.52386   1.49156   1.46152
   1.43361   1.40744   1.38303   1.36008   1.33855   1.31808   1.29878   1.28044
   1.26285   1.24614   1.23000   1.21446   1.19945   1.18495   1.17087   1.15703
   1.14357   1.13045   1.11748   1.10482   1.09219   1.07989   1.06762   1.05559
   1.04361   1.03173   1.02003   1.00832   0.99675   0.98526   0.97377   0.96235
   0.95109   0.93983   0.92866   0.91745   0.90642   0.89540   0.88449   0.87364
   0.86281   0.85199   0.84139   0.83076   0.82019   0.80975   0.79934   0.78905
   0.77876   0.76859   0.75859   0.74860   0.73862   0.72879   0.71911   0.70944
   0.69987   0.69038   0.68106   0.67174   0.66257   0.65348   0.64451   0.63564
   0.62683
   
   1.00000   0.95067   0.82216   0.65711   0.49390   0.35392   0.24372   0.16159
   0.10264   0.06151   0.03353   0.01498   0.00305  -0.00429  -0.00852  -0.01068
  -0.01149  -0.01145  -0.01089  -0.01006  -0.00909  -0.00809  -0.00712  -0.00621
  -0.00537  -0.00463  -0.00397  -0.00339  -0.00289  -0.00245  -0.00208  -0.00176
  -0.00149  -0.00126  -0.00107  -0.00090  -0.00076  -0.00064  -0.00054  -0.00045
  -0.00038  -0.00032  -0.00027  -0.00023  -0.00019  -0.00016  -0.00013  -0.00011
  -0.00009  -0.00007  -0.00006  -0.00005  -0.00004  -0.00003  -0.00002  -0.00002
  -0.00001  -0.00001   0.00000   0.00000   0.00000   0.00000   0.00001   0.00001
   0.00001   0.00001   0.00001   0.00001   0.00001   0.00001   0.00001   0.00001
   0.00001   0.00001   0.00001   0.00001   0.00001   0.00001   0.00001   0.00001
   0.00001   0.00001   0.00001   0.00001   0.00001   0.00001   0.00001   0.00001
   0.00001   0.00001   0.00001   0.00001   0.00001   0.00001   0.00000   0.00000
   0.00000   0.00000   0.00000   0.00000   0.00000   0.00000   0.00000   0.00000
   0.00000   0.00000   0.00000   0.00000   0.00000   0.00000   0.00000   0.00000
   0.00000   0.00000   0.00000   0.00000   0.00000   0.00000   0.00000   0.00000
   0.00000

   1.00000   0.74125   0.29448   0.03495  -0.03439  -0.02473  -0.00181   0.01338
   0.01898   0.01824   0.01450   0.00997   0.00586   0.00265   0.00044  -0.00087
  -0.00148  -0.00156  -0.00130  -0.00085  -0.00030   0.00025   0.00078   0.00123
   0.00160   0.00188   0.00208   0.00219   0.00224   0.00223   0.00217   0.00208
   0.00195   0.00181   0.00166   0.00150   0.00134   0.00118   0.00103   0.00088
   0.00075   0.00062   0.00051   0.00041   0.00031   0.00023   0.00016   0.00010
   0.00005   0.00001  -0.00003  -0.00005  -0.00008  -0.00009  -0.00010  -0.00011
  -0.00011  -0.00011  -0.00011  -0.00010  -0.00010  -0.00009  -0.00007  -0.00006
  -0.00005  -0.00004  -0.00002  -0.00001   0.00001   0.00002   0.00004   0.00005
   0.00007   0.00008   0.00009   0.00011   0.00012   0.00013   0.00014   0.00015
   0.00016   0.00017   0.00018   0.00019   0.00020   0.00021   0.00021   0.00022
   0.00023   0.00023   0.00024   0.00024   0.00025   0.00025   0.00025   0.00026
   0.00026   0.00026   0.00026   0.00027   0.00027   0.00027   0.00027   0.00027
   0.00027   0.00027   0.00027   0.00027   0.00027   0.00027   0.00027   0.00027
   0.00027   0.00026   0.00026   0.00026   0.00026   0.00026   0.00026   0.00025
   0.00025