Core subshells:                                                                  
  1s   2s   2p-  2p   3s   3p-  3p   3d-  3d   4s   4p-  4p   4d-  4d   5s   5p-  
5p 
                                                                                 
Valence subshells:                                                               
  6s   6p-  6p                                                                        
                                                                                 
Populations:                                                             
                                                                        
        2.0000000000        2.0000000000        2.0000000000        4.0000000000 
        2.0000000000        2.0000000000        4.0000000000        4.0000000000 
        6.0000000000        2.0000000000        2.0000000000        4.0000000000 
        4.0000000000        6.0000000000        2.0000000000        2.0000000000 
        4.0000000000        4.0000000000        6.0000000000        2.0000000000 
        1.0000000000                     
                                                                                 
  81.00000  79.79817  76.77304  72.91146  68.82963  64.80651  60.96953  57.38174
  54.07080  51.03996  48.27533  45.75232  43.44126  41.31180  39.33589  37.48954
  35.75357  34.11358  32.55950  31.08483  29.68580  28.36056  27.10839  25.92913
  24.82268  23.78863  22.82609  21.93354  21.10878  20.34901  19.65086  19.01050
  18.42375  17.88620  17.39334  16.94063  16.52362  16.13802  15.77976  15.44502
  15.13030  14.83243  14.54855  14.27616  14.01307  13.75742  13.50765  13.26245
  13.02081  12.78191  12.54517  12.31016  12.07664  11.84447  11.61365  11.38426
  11.15645  10.93045  10.70650  10.48489  10.26593  10.04991   9.83716   9.62798
   9.42264   9.22143   9.02459   8.83234   8.64489   8.46239   8.28500   8.11282
   7.94595   7.78443   7.62830   7.47758   7.33224   7.19224   7.05754   6.92805
   6.80369   6.68434   6.56989   6.46022   6.35516   6.25459   6.15835   6.06626
   5.97818   5.89393   5.81334   5.73625   5.66248   5.59188   5.52426   5.45947
   5.39735   5.33774   5.28049   5.22546   5.17249   5.12145   5.07221   5.02464
   4.97862   4.93403   4.89077   4.84872   4.80779   4.76788   4.72892   4.69080
   4.65347   4.61684   4.58084   4.54542   4.51051   4.47607   4.44204   4.40838
   4.37505
  
  78.00000  77.29384  75.29504  72.31145  68.72649  64.89308  61.07619  57.44256
  54.07686  51.00617  48.22150  45.69511  43.39125  41.27434  39.31219  37.47816
  35.75176  34.11830  32.56778  31.09424  29.69445  28.36726  27.11239  25.93016
  24.82091  23.78445  22.81980  21.92587  21.10019  20.33999  19.64190  19.00184
  18.41572  17.87904  17.38705  16.93529  16.51949  16.13476  15.77751  15.44348
  15.12954  14.83232  14.54886  14.27696  14.01410  13.75856  13.50886  13.26362
  13.02189  12.78296  12.54595  12.31070  12.07700  11.84459  11.61359  11.38388
  11.15590  10.92966  10.70541  10.48364  10.26444  10.04832   9.83539   9.62607
   9.42073   9.21944   9.02254   8.83021   8.64283   8.46024   8.28297   8.11079
   7.94403   7.78251   7.62643   7.47583   7.33054   7.19062   7.05598   6.92666
   6.80240   6.68317   6.56885   6.45918   6.35421   6.25383   6.15769   6.06564
   5.97766   5.89338   5.81291   5.73596   5.66218   5.59171   5.52407   5.45939
   5.39735   5.33766   5.28047   5.22554   5.17256   5.12145   5.07236   5.02478
   4.97873   4.93419   4.89095   4.84877   4.80792   4.76807   4.72900   4.69086
   4.65361   4.61691   4.58097   4.54553   4.51050   4.47601   4.44205   4.40841
   4.37498

   1.00000   0.86753   0.56347   0.26161   0.06353  -0.02552  -0.04362  -0.02939
  -0.00761   0.01001   0.01999   0.02296   0.02104   0.01644   0.01097   0.00580
   0.00160  -0.00137  -0.00313  -0.00382  -0.00370  -0.00301  -0.00199  -0.00082
   0.00034   0.00138   0.00225   0.00291   0.00335   0.00359   0.00364   0.00354
   0.00331   0.00299   0.00261   0.00221   0.00179   0.00138   0.00100   0.00065
   0.00035   0.00009  -0.00012  -0.00028  -0.00040  -0.00047  -0.00051  -0.00051
  -0.00049  -0.00044  -0.00037  -0.00028  -0.00019  -0.00009   0.00001   0.00012
   0.00022   0.00032   0.00041   0.00049   0.00056   0.00063   0.00069   0.00074
   0.00077   0.00080   0.00082   0.00084   0.00084   0.00084   0.00083   0.00081
   0.00079   0.00077   0.00074   0.00071   0.00067   0.00063   0.00059   0.00056
   0.00051   0.00047   0.00043   0.00039   0.00036   0.00032   0.00028   0.00025
   0.00021   0.00018   0.00015   0.00012   0.00010   0.00008   0.00005   0.00003
   0.00002   0.00000  -0.00001  -0.00002  -0.00003  -0.00004  -0.00005  -0.00005
  -0.00006  -0.00006  -0.00006  -0.00006  -0.00006  -0.00005  -0.00005  -0.00005
  -0.00004  -0.00003  -0.00003  -0.00002  -0.00001   0.00000   0.00000   0.00001
   0.00002

   1.00000   0.76922   0.35113   0.07688  -0.02394  -0.03562  -0.01948  -0.00200
   0.00916   0.01379   0.01384   0.01138   0.00799   0.00463   0.00185  -0.00016
  -0.00140  -0.00197  -0.00203  -0.00173  -0.00122  -0.00060   0.00002   0.00059
   0.00106   0.00143   0.00169   0.00184   0.00189   0.00186   0.00176   0.00161
   0.00143   0.00124   0.00103   0.00083   0.00063   0.00046   0.00030   0.00016
   0.00005  -0.00004  -0.00011  -0.00016  -0.00019  -0.00020  -0.00020  -0.00018
  -0.00016  -0.00013  -0.00009  -0.00005   0.00000   0.00004   0.00009   0.00013
   0.00017   0.00021   0.00025   0.00028   0.00031   0.00034   0.00036   0.00038
   0.00040   0.00041   0.00041   0.00042   0.00042   0.00042   0.00041   0.00041
   0.00040   0.00039   0.00037   0.00036   0.00035   0.00033   0.00031   0.00030
   0.00028   0.00026   0.00025   0.00023   0.00021   0.00020   0.00018   0.00017
   0.00015   0.00014   0.00012   0.00011   0.00010   0.00009   0.00008   0.00007
   0.00006   0.00005   0.00004   0.00003   0.00003   0.00002   0.00002   0.00001
   0.00001   0.00001   0.00000   0.00000   0.00000   0.00000   0.00000   0.00000
   0.00000   0.00000   0.00000   0.00000   0.00000   0.00001   0.00001   0.00001
   0.00001