Core subshells:
  1s   2s   2p-  2p   3s   3p-  3p   3d-  3d   4s   4p-  4p   4d-  4d   5s   5p-  5p  

Valence subshells:
  4f-  4f   6s 

Populations:

        2.0000000000        2.0000000000        2.0000000000        4.0000000000
        2.0000000000        2.0000000000        4.0000000000        4.0000000000
        6.0000000000        2.0000000000        2.0000000000        4.0000000000
        4.0000000000        6.0000000000        2.0000000000        2.0000000000
        4.0000000000        2.0000000000        6.0000000000        7.0000000000
  
  69.00000  67.69541  64.85135  61.64808  58.29112  54.82464  51.38314  48.09845
  45.04536  42.24480  39.68509  37.34100  35.18580  33.19692  31.35760  29.65621
  28.08488  26.63789  25.31043  24.09761  22.99400  21.99331  21.08845  20.27161
  19.53450  18.86857  18.26531  17.71642  17.21401  16.75076  16.32001  15.91581
  15.53297  15.16705  14.81431  14.47172  14.13688  13.80792  13.48353  13.16278
  12.84513  12.53036  12.21848  11.90969  11.60436  11.30293  11.00593  10.71392
  10.42747  10.14713   9.87343   9.60685   9.34784   9.09676   8.85392   8.61958
   8.39392   8.17706   7.96906   7.76991   7.57958   7.39796   7.22490   7.06023
   6.90372   6.75513   6.61418   6.48059   6.35405   6.23424   6.12082   6.01346
   5.91184   5.81561   5.72444   5.63801   5.55600   5.47809   5.40400   5.33342
   5.26608   5.20172   5.14008   5.08093   5.02404   4.96919   4.91620   4.86487
   4.81504   4.76654   4.71924   4.67298   4.62766   4.58315   4.53936   4.49620
   4.45358   4.41143   4.36968   4.32828   4.28718   4.24632   4.20569   4.16523
   4.12494   4.08479   4.04475   4.00482   3.96500   3.92526   3.88562   3.84607
   3.80661   3.76725   3.72800   3.68885   3.64983   3.61094   3.57219   3.53359
   3.49516
  
  54.00000  53.52379  52.18435  50.20874  47.87573  45.43527  43.06244  40.85008
  38.82622  36.97947  35.28120  33.70058  32.21234  30.79948  29.45283  28.16923
  26.94933  25.79560  24.71082  23.69708  22.75515  21.88430  21.08230  20.34561
  19.66964  19.04905  18.47810  17.95083  17.46139  17.00416  16.57392  16.16594
  15.77604  15.40062  15.03665  14.68166  14.33370  13.99129  13.65340  13.31934
  12.98874  12.66151  12.33775  12.01773  11.70184  11.39057  11.08443  10.78399
  10.48978  10.20234   9.92217   9.64972   9.38538   9.12949   8.88234   8.64412
   8.41500   8.19505   7.98430   7.78273   7.59025   7.40674   7.23202   7.06590
   6.90813   6.75844   6.61654   6.48213   6.35488   6.23447   6.12054   6.01275
   5.91076   5.81423   5.72282   5.63618   5.55401   5.47598   5.40178   5.33113
   5.26374   5.19935   5.13769   5.07854   5.02165   4.96682   4.91385   4.86255
   4.81275   4.76429   4.71703   4.67081   4.62553   4.58107   4.53733   4.49421
   4.45164   4.40953   4.36783   4.32648   4.28541   4.24461   4.20401   4.16360
   4.12335   4.08324   4.04324   4.00335   3.96356   3.92386   3.88426   3.84474
   3.80532   3.76599   3.72677   3.68766   3.64866   3.60980   3.57108   3.53252
   3.49412
  
   1.00000   0.98555   0.94441   0.88221   0.80604   0.72260   0.63730   0.55408
   0.47553   0.40323   0.33793   0.27988   0.22894   0.18475   0.14680   0.11453
   0.08733   0.06460   0.04580   0.03039   0.01790   0.00789  -0.00001  -0.00614
  -0.01079  -0.01422  -0.01664  -0.01824  -0.01918  -0.01960  -0.01960  -0.01927
  -0.01871  -0.01796  -0.01709  -0.01613  -0.01512  -0.01410  -0.01307  -0.01205
  -0.01107  -0.01013  -0.00923  -0.00837  -0.00758  -0.00683  -0.00614  -0.00549
  -0.00490  -0.00436  -0.00387  -0.00342  -0.00301  -0.00263  -0.00230  -0.00200
  -0.00173  -0.00149  -0.00127  -0.00108  -0.00090  -0.00075  -0.00062  -0.00050
  -0.00040  -0.00031  -0.00023  -0.00016  -0.00010  -0.00005   0.00000   0.00003
   0.00007   0.00009   0.00012   0.00013   0.00015   0.00016   0.00017   0.00018
   0.00018   0.00018   0.00019   0.00019   0.00018   0.00018   0.00018   0.00018
   0.00017   0.00017   0.00017   0.00016   0.00016   0.00015   0.00015   0.00014
   0.00014   0.00013   0.00013   0.00012   0.00012   0.00011   0.00011   0.00010
   0.00010   0.00009   0.00009   0.00009   0.00008   0.00008   0.00008   0.00007
   0.00007   0.00007   0.00006   0.00006   0.00006   0.00005   0.00005   0.00005
   0.00005

   1.00000   0.67972   0.19486  -0.01472  -0.03159  -0.00221   0.01790   0.02269
   0.01859   0.01170   0.00541   0.00102  -0.00137  -0.00214  -0.00184  -0.00095
   0.00015   0.00122   0.00210   0.00273   0.00309   0.00321   0.00313   0.00290
   0.00257   0.00218   0.00177   0.00137   0.00101   0.00069   0.00042   0.00021
   0.00005  -0.00005  -0.00011  -0.00012  -0.00011  -0.00006   0.00000   0.00007
   0.00016   0.00025   0.00034   0.00042   0.00050   0.00057   0.00063   0.00067
   0.00071   0.00074   0.00076   0.00077   0.00077   0.00076   0.00074   0.00072
   0.00069   0.00066   0.00062   0.00058   0.00054   0.00050   0.00046   0.00041
   0.00037   0.00033   0.00029   0.00026   0.00022   0.00019   0.00016   0.00013
   0.00010   0.00008   0.00006   0.00005   0.00003   0.00002   0.00001   0.00000
   0.00000  -0.00001  -0.00001  -0.00001  -0.00001   0.00000   0.00000   0.00000
   0.00001   0.00002   0.00003   0.00003   0.00004   0.00005   0.00006   0.00007
   0.00008   0.00009   0.00010   0.00011   0.00012   0.00013   0.00013   0.00014
   0.00015   0.00016   0.00017   0.00017   0.00018   0.00018   0.00019   0.00020
   0.00020   0.00020   0.00021   0.00021   0.00021   0.00022   0.00022   0.00022
   0.00022