Core subshells:                                                                  
  1s   2s   2p-  2p   3s   3p-  3p                                               
                                                                                 
Valence subshells:                                                               
  3d-  3d   4s                                                                   
                                                                                 
Populations:                                                             
                                                                            
        2.0000000000        2.0000000000        2.0000000000        4.0000000000 
        2.0000000000        2.0000000000        4.0000000000        2.0228618719 
        0.9771381281        2.0000000000                                         

  23.00000  22.20877  20.48070  18.67559  17.02254  15.48306  14.03917  12.71335
  11.53374  10.51572   9.65886   8.95043   8.37047   7.89608   7.50462   7.17556
   6.89148   6.63838   6.40550   6.18499   5.97147   5.76150   5.55315   5.34560
   5.13881   4.93326   4.72974   4.52918   4.33257   4.14083   3.95482   3.77526
   3.60275   3.43774   3.28056   3.13139   2.99033   2.85736   2.73237   2.61520
   2.50561   2.40333   2.30805   2.21943   2.13713   2.06078   1.99002   1.92449
   1.86383   1.80769   1.75575   1.70768   1.66318   1.62195   1.58372   1.54824
   1.51526   1.48457   1.45595   1.42921   1.40417   1.38068   1.35857   1.33771
   1.31798   1.29925   1.28143   1.26442   1.24814   1.23250   1.21743   1.20287
   1.18877   1.17508   1.16174   1.14872   1.13598   1.12349   1.11121   1.09914
   1.08724   1.07549   1.06388   1.05239   1.04101   1.02973   1.01854   1.00743
   0.99640   0.98544   0.97454   0.96371   0.95294   0.94223   0.93157   0.92097
   0.91043   0.89994   0.88950   0.87913   0.86881   0.85855   0.84835   0.83821
   0.82813   0.81812   0.80817   0.79829   0.78848   0.77874   0.76907   0.75947
   0.74995   0.74050   0.73113   0.72184   0.71263   0.70350   0.69445   0.68548
   0.67660
  
  18.00000  17.81260  17.27394  16.44761  15.42251  14.29478  13.15176  12.06151
  11.06917  10.19778   9.45292   8.82779   8.30768   7.87496   7.51118   7.19946
   6.92519   6.67659   6.44471   6.22280   6.00653   5.79302   5.58080   5.36942
   5.15893   4.95006   4.74349   4.54031   4.34149   4.14783   3.96024   3.77933
   3.60579   3.43997   3.28212   3.13241   2.99103   2.85783   2.73259   2.61532
   2.50563   2.40331   2.30800   2.21941   2.13716   2.06080   1.99012   1.92457
   1.86397   1.80788   1.75594   1.70791   1.66349   1.62225   1.58396   1.54854
   1.51551   1.48482   1.45618   1.42951   1.40441   1.38094   1.35879   1.33788
   1.31816   1.29936   1.28153   1.26446   1.24819   1.23247   1.21740   1.20286
   1.18874   1.17497   1.16163   1.14855   1.13581   1.12332   1.11099   1.09886
   1.08694   1.07521   1.06353   1.05204   1.04065   1.02939   1.01815   1.00700
   0.99602   0.98504   0.97411   0.96329   0.95243   0.94182   0.93107   0.92050
   0.90993   0.89946   0.88902   0.87866   0.86834   0.85802   0.84780   0.83766
   0.82758   0.81754   0.80762   0.79777   0.78798   0.77817   0.76850   0.75894
   0.74939   0.73995   0.73060   0.72132   0.71210   0.70300   0.69399   0.68497
   0.67608
   
   1.00000   0.95927   0.85060   0.70504   0.55348   0.41612   0.30186   0.21198
   0.14398   0.09397   0.05806   0.03283   0.01549   0.00391  -0.00356  -0.00813
  -0.01068  -0.01185  -0.01212  -0.01180  -0.01113  -0.01027  -0.00931  -0.00835
  -0.00741  -0.00652  -0.00571  -0.00497  -0.00431  -0.00373  -0.00322  -0.00277
  -0.00238  -0.00204  -0.00174  -0.00149  -0.00128  -0.00109  -0.00093  -0.00079
  -0.00067  -0.00057  -0.00049  -0.00041  -0.00035  -0.00030  -0.00025  -0.00021
  -0.00018  -0.00015  -0.00012  -0.00010  -0.00008  -0.00007  -0.00006  -0.00004
  -0.00003  -0.00003  -0.00002  -0.00001  -0.00001   0.00000   0.00000   0.00000
   0.00000   0.00001   0.00001   0.00001   0.00001   0.00001   0.00001   0.00001
   0.00001   0.00001   0.00001   0.00001   0.00001   0.00001   0.00001   0.00001
   0.00001   0.00001   0.00001   0.00001   0.00001   0.00001   0.00001   0.00001
   0.00001   0.00001   0.00001   0.00001   0.00001   0.00001   0.00001   0.00001
   0.00001   0.00001   0.00001   0.00001   0.00001   0.00001   0.00001   0.00001
   0.00000   0.00000   0.00000   0.00000   0.00000   0.00000   0.00000   0.00000
   0.00000   0.00000   0.00000   0.00000   0.00000   0.00000   0.00000   0.00000
   0.00000

   1.00000   0.75915   0.32748   0.05645  -0.03020  -0.03007  -0.00910   0.00793
   0.01635   0.01803   0.01586   0.01210   0.00814   0.00471   0.00207   0.00026
  -0.00083  -0.00134  -0.00142  -0.00121  -0.00082  -0.00035   0.00015   0.00062
   0.00104   0.00140   0.00168   0.00189   0.00203   0.00211   0.00213   0.00210
   0.00204   0.00195   0.00183   0.00170   0.00157   0.00142   0.00128   0.00113
   0.00100   0.00086   0.00074   0.00063   0.00052   0.00042   0.00034   0.00026
   0.00019   0.00013   0.00008   0.00004   0.00000  -0.00003  -0.00005  -0.00007
  -0.00009  -0.00010  -0.00010  -0.00011  -0.00011  -0.00010  -0.00010  -0.00009
  -0.00008  -0.00007  -0.00006  -0.00005  -0.00004  -0.00002  -0.00001   0.00000
   0.00002   0.00003   0.00004   0.00006   0.00007   0.00008   0.00009   0.00011
   0.00012   0.00013   0.00014   0.00015   0.00016   0.00017   0.00018   0.00018
   0.00019   0.00020   0.00021   0.00021   0.00022   0.00022   0.00023   0.00023
   0.00024   0.00024   0.00024   0.00025   0.00025   0.00025   0.00025   0.00026
   0.00026   0.00026   0.00026   0.00026   0.00026   0.00026   0.00026   0.00026
   0.00026   0.00026   0.00026   0.00026   0.00026   0.00026   0.00026   0.00026
   0.00025