Core subshells:                                                                  
  1s   2s   2p-  2p   3s   3p-  3p   3d-  3d   4s   4p-  4p   4d-  4d   5s   5p-  5p  4f-  4f 
                                                                                 
Valence subshells:                                                               
  5d-  5d   6s                                                         
                                                                                
Valence populations:                                                             
                                                                             
        2.0000000000        2.0000000000        2.0000000000        4.0000000000
        2.0000000000        2.0000000000        4.0000000000        4.0000000000
        6.0000000000        2.0000000000        2.0000000000        4.0000000000
        4.0000000000        6.0000000000        2.0000000000        2.0000000000
        4.0000000000        6.0000000000        8.0000000000        1.8155211937
        2.1844788063        2.0000000000

  74.00000  72.76926  69.77978  66.16806  62.50718  58.94544  55.52096  52.26405
  49.20087  46.34498  43.69564  41.24158  38.96609  36.85141  34.88154  33.04353
  31.32771  29.72717  28.23702  26.85356  25.57357  24.39377  23.31043  22.31921
  21.41510  20.59245  19.84511  19.16659  18.55017  17.98917  17.47698  17.00728
  16.57412  16.17198  15.79582  15.44115  15.10402  14.78099  14.46917  14.16612
  13.86989  13.57892  13.29202  13.00835  12.72732  12.44861  12.17210  11.89781
  11.62591  11.35667  11.09043  10.82758  10.56854  10.31373  10.06359   9.81852
   9.57891   9.34511   9.11745   8.89620   8.68160   8.47382   8.27303   8.07932
   7.89274   7.71332   7.54104   7.37585   7.21765   7.06633   6.92176   6.78376
   6.65215   6.52673   6.40729   6.29360   6.18542   6.08251   5.98463   5.89152
   5.80295   5.71865   5.63839   5.56192   5.48901   5.41942   5.35294   5.28934
   5.22843   5.16999   5.11383   5.05979   5.00767   4.95732   4.90859   4.86132
   4.81539   4.77066   4.72702   4.68436   4.64257   4.60156   4.56124   4.52154
   4.48238   4.44371   4.40544   4.36755   4.32997   4.29267   4.25561   4.21875
   4.18207   4.14555   4.10916   4.07289   4.03672   4.00064   3.96464   3.92873
   3.89289
  
  68.00000  67.51604  66.13191  64.01396  61.36841  58.40421  55.30569  52.21521
  49.22802  46.39786  43.74690  41.27764  38.98131  36.84520  34.85581  33.00195
  31.27437  29.66636  28.17265  26.78877  25.51128  24.33577  23.25829  22.27373
  21.37667  20.56102  19.82031  19.14800  18.53689  17.98062  17.47212  17.00557
  16.57457  16.17395  15.79880  15.44442  15.10720  14.78375  14.47109  14.16701
  13.86965  13.57735  13.28915  13.00421  12.72190  12.44195  12.16423  11.88887
  11.61612  11.34602  11.07906  10.81579  10.55620  10.30113  10.05083   9.80569
   9.56607   9.33240   9.10498   8.88390   8.66976   8.46230   8.26189   8.06875
   7.88260   7.70372   7.53204   7.36734   7.20978   7.05895   6.91494   6.77757
   6.64650   6.52150   6.40262   6.28934   6.18168   6.07924   5.98178   5.88902
   5.80085   5.71688   5.63698   5.56078   5.48816   5.41876   5.35247   5.28910
   5.22841   5.17007   5.11416   5.06022   5.00822   4.95798   4.90936   4.86207
   4.81624   4.77162   4.72794   4.68537   4.64354   4.60262   4.56224   4.52248
   4.48340   4.44465   4.40631   4.36848   4.33082   4.29357   4.25642   4.21946
   4.18283   4.14620   4.10985   4.07347   4.03733   4.00114   3.96517   3.92914
   3.89332
  
   1.00000   0.91902   0.71781   0.48171   0.27690   0.12963   0.03834  -0.00984
  -0.02922  -0.03154  -0.02517  -0.01547  -0.00555   0.00296   0.00944   0.01378
   0.01621   0.01708   0.01675   0.01559   0.01390   0.01193   0.00987   0.00786
   0.00599   0.00432   0.00289   0.00170   0.00075   0.00003  -0.00049  -0.00083
  -0.00102  -0.00108  -0.00103  -0.00090  -0.00071  -0.00047  -0.00020   0.00008
   0.00036   0.00065   0.00092   0.00118   0.00141   0.00162   0.00181   0.00198
   0.00211   0.00223   0.00231   0.00238   0.00242   0.00244   0.00245   0.00243
   0.00241   0.00236   0.00231   0.00225   0.00217   0.00209   0.00201   0.00192
   0.00182   0.00173   0.00163   0.00153   0.00143   0.00133   0.00124   0.00114
   0.00105   0.00096   0.00087   0.00079   0.00071   0.00063   0.00056   0.00049
   0.00042   0.00036   0.00030   0.00024   0.00019   0.00014   0.00009   0.00005
   0.00001  -0.00003  -0.00006  -0.00009  -0.00012  -0.00014  -0.00017  -0.00019
  -0.00021  -0.00022  -0.00024  -0.00025  -0.00026  -0.00027  -0.00028  -0.00029
  -0.00030  -0.00030  -0.00031  -0.00031  -0.00031  -0.00031  -0.00031  -0.00031
  -0.00031  -0.00031  -0.00031  -0.00030  -0.00030  -0.00030  -0.00029  -0.00029
  -0.00028
  
   1.00000   0.78858   0.38830   0.11363   0.01558   0.01137   0.03094   0.04407
   0.04483   0.03668   0.02473   0.01293   0.00348  -0.00281  -0.00604  -0.00679
  -0.00579  -0.00376  -0.00128   0.00119   0.00338   0.00511   0.00631   0.00700
   0.00723   0.00706   0.00660   0.00593   0.00512   0.00425   0.00338   0.00255
   0.00180   0.00114   0.00058   0.00014  -0.00020  -0.00043  -0.00057  -0.00062
  -0.00061  -0.00054  -0.00042  -0.00026  -0.00009   0.00010   0.00030   0.00050
   0.00069   0.00086   0.00103   0.00117   0.00130   0.00141   0.00149   0.00155
   0.00160   0.00163   0.00163   0.00163   0.00160   0.00157   0.00152   0.00146
   0.00140   0.00133   0.00125   0.00117   0.00109   0.00101   0.00092   0.00084
   0.00076   0.00068   0.00060   0.00053   0.00046   0.00040   0.00034   0.00028
   0.00023   0.00018   0.00014   0.00011   0.00007   0.00005   0.00002   0.00001
  -0.00001  -0.00002  -0.00003  -0.00003  -0.00003  -0.00003  -0.00003  -0.00002
  -0.00001   0.00000   0.00001   0.00002   0.00004   0.00005   0.00007   0.00009
   0.00011   0.00012   0.00014   0.00016   0.00018   0.00020   0.00022   0.00023
   0.00025   0.00027   0.00028   0.00030   0.00032   0.00033   0.00034   0.00036
   0.00037