Core subshells:                                                                  
  1s   2s   2p-  2p   3s   3p-  3p   3d-  3d   4s   4p-  4p   4d-  4d                                                                                                                      

Valence subshells:                                                               
  5s   5p-  5p                                          
                                                                                 
Populations:                                                             
                                                                    
        2.0000000000        2.0000000000        2.0000000000        4.0000000000 
        2.0000000000        2.0000000000        4.0000000000        4.0000000000 
        6.0000000000        2.0000000000        2.0000000000        4.0000000000
        4.0000000000        6.0000000000        2.0000000000        2.0000000000
        4.0000000000   

  54.00000  52.91673  50.12515  46.58801  43.08788  39.96638  37.25077  34.84994
  32.67074  30.65625  28.78421  27.05316  25.46920  24.03723  22.75677  21.62099
  20.61763  19.73076  18.94259  18.23517  17.59160  16.99686  16.43828  15.90566
  15.39125  14.88952  14.39685  13.91124  13.43194  12.95916  12.49377  12.03709
  11.59066  11.15609  10.73494  10.32865   9.93845   9.56532   9.21003   8.87307
   8.55468   8.25489   7.97350   7.71016   7.46432   7.23534   7.02245   6.82482
   6.64155   6.47171   6.31434   6.16850   6.03325   5.90765   5.79082   5.68192
   5.58012   5.48468   5.39487   5.31004   5.22958   5.15293   5.07959   5.00909
   4.94104   4.87506   4.81082   4.74805   4.68650   4.62595   4.56621   4.50715
   4.44862   4.39053   4.33278   4.27533   4.21810   4.16108   4.10425   4.04758
   3.99109   3.93477   3.87865   3.82274   3.76707   3.71166   3.65655   3.60176
   3.54734   3.49331   3.43971   3.38658   3.33394   3.28184   3.23030   3.17935
   3.12903   3.07935   3.03035   2.98204   2.93445   2.88760   2.84150   2.79618
   2.75164   2.70789   2.66495   2.62283   2.58152   2.54104   2.50138   2.46255
   2.42455   2.38738   2.35103   2.31550   2.28079   2.24689   2.21378   2.18147
   2.14995
  
  46.00000  45.70654  44.84868  43.49052  41.72782  39.67421  37.44744  35.15700
  32.89623  30.73725  28.73024  26.90446  25.27172  23.83001  22.56708  21.46476
  20.50115  19.65345  18.89974  18.21976  17.59602  17.01385  16.46148  15.93000
  15.41293  14.90581  14.40630  13.91306  13.42618  12.94619  12.47453  12.01246
  11.56186  11.12419  10.70115  10.29381   9.90359   9.53114   9.17716   8.84206
   8.52583   8.22857   7.94979   7.68919   7.44599   7.21970   7.00934   6.81406
   6.63300   6.46509   6.30950   6.16517   6.03132   5.90686   5.79097   5.68277
   5.58152   5.48652   5.39696   5.31223   5.23171   5.15501   5.08139   5.01066
   4.94226   4.87589   4.81127   4.74797   4.68599   4.62495   4.56470   4.50513
   4.44614   4.38755   4.32940   4.27145   4.21386   4.15643   4.09924   4.04219
   3.98541   3.92880   3.87239   3.81621   3.76038   3.70474   3.64952   3.59456
   3.53999   3.48596   3.43229   3.37913   3.32640   3.27435   3.22279   3.17187
   3.12161   3.07193   3.02306   2.97483   2.92735   2.88054   2.83462   2.78941
   2.74490   2.70132   2.65858   2.61657   2.57541   2.53510   2.49554   2.45682
   2.41906   2.38204   2.34577   2.31043   2.27592   2.24214   2.20917   2.17702
   2.14565
  
   1.00000   0.92699   0.73635   0.49494   0.27033   0.10352   0.00435  -0.03826
  -0.04333  -0.02901  -0.00860   0.00995   0.02302   0.02986   0.03129   0.02879
   0.02391   0.01799   0.01204   0.00672   0.00239  -0.00081  -0.00290  -0.00399
  -0.00425  -0.00389  -0.00308  -0.00199  -0.00077   0.00048   0.00167   0.00273
   0.00364   0.00436   0.00490   0.00525   0.00543   0.00546   0.00536   0.00515
   0.00486   0.00450   0.00409   0.00365   0.00320   0.00274   0.00230   0.00188
   0.00149   0.00113   0.00080   0.00051   0.00026   0.00005  -0.00013  -0.00027
  -0.00038  -0.00046  -0.00051  -0.00053  -0.00053  -0.00051  -0.00047  -0.00042
  -0.00036  -0.00029  -0.00020  -0.00012  -0.00003   0.00007   0.00016   0.00025
   0.00034   0.00043   0.00052   0.00060   0.00068   0.00075   0.00082   0.00088
   0.00093   0.00099   0.00103   0.00107   0.00110   0.00113   0.00116   0.00118
   0.00119   0.00120   0.00120   0.00120   0.00120   0.00120   0.00119   0.00117
   0.00116   0.00114   0.00112   0.00110   0.00108   0.00105   0.00103   0.00100
   0.00097   0.00094   0.00091   0.00088   0.00085   0.00082   0.00079   0.00076
   0.00072   0.00069   0.00066   0.00063   0.00060   0.00057   0.00054   0.00052
   0.00049

   1.00000   0.89271   0.63397   0.35127   0.13657   0.01418  -0.03422  -0.03842
  -0.02313  -0.00383   0.01186   0.02147   0.02523   0.02459   0.02118   0.01644
   0.01145   0.00689   0.00314   0.00034  -0.00153  -0.00256  -0.00290  -0.00273
  -0.00219  -0.00142  -0.00055   0.00036   0.00122   0.00199   0.00266   0.00319
   0.00359   0.00386   0.00401   0.00405   0.00400   0.00387   0.00369   0.00345
   0.00318   0.00289   0.00259   0.00229   0.00199   0.00170   0.00142   0.00117
   0.00094   0.00073   0.00054   0.00038   0.00024   0.00012   0.00002  -0.00005
  -0.00011  -0.00015  -0.00017  -0.00018  -0.00018  -0.00017  -0.00015  -0.00012
  -0.00009  -0.00005   0.00000   0.00005   0.00010   0.00015   0.00020   0.00025
   0.00030   0.00035   0.00040   0.00044   0.00049   0.00053   0.00057   0.00061
   0.00064   0.00067   0.00070   0.00073   0.00075   0.00077   0.00079   0.00081
   0.00082   0.00083   0.00084   0.00085   0.00085   0.00086   0.00086   0.00086
   0.00085   0.00085   0.00085   0.00084   0.00083   0.00082   0.00081   0.00080
   0.00079   0.00078   0.00077   0.00075   0.00074   0.00072   0.00071   0.00070
   0.00068   0.00066   0.00065   0.00063   0.00062   0.00060   0.00059   0.00057
   0.00055