Core subshells:
  1s   2s   2p-  2p   3s   3p-  3p   3d-  3d   4s   4p-  4p 

Valence subshells:
  4d-  5s

Populations:

        2.0000000000        2.0000000000        2.0000000000        4.0000000000   
        2.0000000000        2.0000000000        4.0000000000        4.0000000000
        6.0000000000        2.0000000000        2.0000000000        4.0000000000 
        1.0000000000        2.0000000000        

  39.00000  37.81618  35.36522  32.90634  30.63555  28.48990  26.48911  24.67930
  23.07738  21.66632  20.41024  19.26969  18.21108  17.21045  16.25358  15.33412
  14.45125  13.60736  12.80627  12.05192  11.34759  10.69542  10.09629   9.54983
   9.05459   8.60822   8.20769   7.84951   7.52991   7.24499   6.99088   6.76385
   6.56034   6.37704   6.21094   6.05930   5.91970   5.79001   5.66838   5.55323
   5.44321   5.33721   5.23430   5.13376   5.03497   4.93750   4.84101   4.74525
   4.65006   4.55537   4.46112   4.36733   4.27405   4.18135   4.08930   3.99803
   3.90763   3.81822   3.72992   3.64284   3.55709   3.47278   3.38998   3.30880
   3.22931   3.15158   3.07567   3.00162   2.92948   2.85928   2.79104   2.72478
   2.66050   2.59820   2.53788   2.47953   2.42313   2.36864   2.31606   2.26534
   2.21644   2.16934   2.12400   2.08036   2.03838   1.99802   1.95923   1.92196
   1.88617   1.85180   1.81881   1.78714   1.75675   1.72759   1.69961   1.67277
   1.64701   1.62230   1.59858   1.57582   1.55397   1.53299   1.51284   1.49348
   1.47488   1.45700   1.43980   1.42325   1.40732   1.39198   1.37719   1.36293
   1.34917   1.33588   1.32304   1.31062   1.29861   1.28697   1.27569   1.26474
   1.25412   0.00000   0.00000   0.00000   0.00000   0.00000   0.00000   0.00000
  
  36.00000  35.57575  34.38554  32.63885  30.59448  28.48782  26.48524  24.67321
  23.07284  21.66425  20.40950  19.26860  18.20833  17.20536  16.24603  15.32442
  14.43992  13.59501  12.79350  12.03926  11.33546  10.68413  10.08605   9.54076
   9.04674   8.60158   8.20221   7.84509   7.52646   7.24239   6.98904   6.76264
   6.55966   6.37680   6.21104   6.05968   5.92028   5.79074   5.66921   5.55411
   5.44412   5.33812   5.23519   5.13460   5.03577   4.93824   4.84168   4.74585
   4.65060   4.55583   4.46152   4.36767   4.27433   4.18157   4.08947   3.99815
   3.90771   3.81827   3.72993   3.64283   3.55705   3.47271   3.38990   3.30870
   3.22920   3.15146   3.07554   3.00149   2.92935   2.85915   2.79091   2.72465
   2.66037   2.59808   2.53777   2.47942   2.42302   2.36854   2.31597   2.26525
   2.21637   2.16927   2.12393   2.08030   2.03833   1.99798   1.95919   1.92193
   1.88615   1.85178   1.81879   1.78713   1.75675   1.72759   1.69962   1.67277
   1.64702   1.62231   1.59859   1.57583   1.55398   1.53300   1.51286   1.49350
   1.47490   1.45702   1.43982   1.42328   1.40734   1.39200   1.37721   1.36295
   1.34919   1.33590   1.32306   1.31064   1.29862   1.28698   1.27570   1.26476
   1.25413   0.00000   0.00000   0.00000   0.00000   0.00000   0.00000   0.00000
  
   1.00000   0.87012   0.58803   0.32223   0.14282   0.04332  -0.00303  -0.01921
  -0.02027  -0.01489  -0.00770  -0.00091   0.00458   0.00854   0.01109   0.01245
   0.01290   0.01268   0.01202   0.01107   0.00997   0.00881   0.00765   0.00654
   0.00551   0.00457   0.00372   0.00298   0.00232   0.00176   0.00127   0.00086
   0.00051   0.00022  -0.00001  -0.00021  -0.00037  -0.00049  -0.00059  -0.00066
  -0.00072  -0.00075  -0.00078  -0.00079  -0.00079  -0.00078  -0.00077  -0.00075
  -0.00073  -0.00071  -0.00068  -0.00065  -0.00062  -0.00059  -0.00056  -0.00053
  -0.00050  -0.00048  -0.00045  -0.00042  -0.00040  -0.00037  -0.00035  -0.00032
  -0.00030  -0.00028  -0.00026  -0.00025  -0.00023  -0.00021  -0.00020  -0.00018
  -0.00017  -0.00016  -0.00015  -0.00014  -0.00013  -0.00012  -0.00011  -0.00010
  -0.00009  -0.00008  -0.00008  -0.00007  -0.00007  -0.00006  -0.00006  -0.00005
  -0.00005  -0.00004  -0.00004  -0.00004  -0.00003  -0.00003  -0.00003  -0.00002
  -0.00002  -0.00002  -0.00002  -0.00002  -0.00002  -0.00001  -0.00001  -0.00001
  -0.00001  -0.00001  -0.00001  -0.00001  -0.00001  -0.00001   0.00000   0.00000
   0.00000   0.00000   0.00000   0.00000   0.00000   0.00000   0.00000   0.00000
   0.00000   0.00000   0.00000   0.00000   0.00000   0.00000   0.00000   0.00000
  
   1.00000   0.68515   0.19583  -0.02737  -0.05087  -0.02062   0.00345   0.01265
   0.01240   0.00848   0.00422   0.00100  -0.00092  -0.00173  -0.00177  -0.00137
  -0.00078  -0.00017   0.00037   0.00080   0.00108   0.00124   0.00129   0.00126
   0.00117   0.00104   0.00088   0.00072   0.00056   0.00042   0.00029   0.00017
   0.00008   0.00001  -0.00005  -0.00008  -0.00011  -0.00012  -0.00012  -0.00011
  -0.00010  -0.00008  -0.00005  -0.00003   0.00000   0.00002   0.00005   0.00007
   0.00010   0.00012   0.00014   0.00016   0.00017   0.00018   0.00020   0.00020
   0.00021   0.00022   0.00022   0.00022   0.00022   0.00022   0.00022   0.00021
   0.00021   0.00020   0.00019   0.00019   0.00018   0.00017   0.00016   0.00016
   0.00015   0.00014   0.00013   0.00012   0.00012   0.00011   0.00010   0.00009
   0.00008   0.00008   0.00007   0.00006   0.00006   0.00005   0.00005   0.00004
   0.00004   0.00003   0.00003   0.00002   0.00002   0.00002   0.00001   0.00001
   0.00001   0.00001   0.00000   0.00000   0.00000   0.00000   0.00000   0.00000
  -0.00001  -0.00001  -0.00001  -0.00001  -0.00001  -0.00001  -0.00001  -0.00001
  -0.00001  -0.00001  -0.00001  -0.00001  -0.00001  -0.00001  -0.00001  -0.00001
  -0.00001   0.00000   0.00000   0.00000   0.00000   0.00000   0.00000   0.00000