Core subshells:
  1s   2s   2p-  2p   3s   3p-  3p   3d-  3d   4s   4p-  4p   4d-  4d   5s   5p-  5p 

Valence subshells:
  4f-  4f   6s 

Populations:

        2.0000000000        2.0000000000        2.0000000000        4.0000000000
        2.0000000000        2.0000000000        4.0000000000        4.0000000000
        6.0000000000        2.0000000000        2.0000000000        4.0000000000
        4.0000000000        6.0000000000        2.0000000000        2.0000000000
        4.0000000000        6.0000000000        8.0000000000        2.0000000000

  70.00000  68.71703  65.90358  62.71794  59.37042  55.90231  52.44347  49.12588
  46.02833  43.17690  40.56427  38.16814  35.96328  33.92757  32.04400  30.30046
  28.68858  27.20223  25.83640  24.58620  23.44635  22.41084  21.47292  20.62513
  19.85950  19.16780  18.54168  17.97300  17.45390  16.97703  16.53560  16.12351
  15.73533  15.36636  15.01259  14.67068  14.33791  14.01214  13.69174  13.37553
  13.06271  12.75285  12.44575  12.14144  11.84016  11.54222  11.24808  10.95822
  10.67318  10.39347  10.11963   9.85215   9.59148   9.33803   9.09217   8.85419
   8.62432   8.40275   8.18960   7.98493   7.78875   7.60103   7.42168   7.25058
   7.08755   6.93241   6.78493   6.64485   6.51192   6.38584   6.26632   6.15305
   6.04572   5.94401   5.84762   5.75622   5.66951   5.58718   5.50893   5.43449
   5.36357   5.29590   5.23123   5.16931   5.10992   5.05282   4.99782   4.94473
   4.89335   4.84351   4.79507   4.74787   4.70177   4.65666   4.61242   4.56895
   4.52614   4.48393   4.44222   4.40096   4.36008   4.31953   4.27926   4.23923
   4.19941   4.15976   4.12027   4.08091   4.04167   4.00253   3.96349   3.92454
   3.88568   3.84691   3.80822   3.76963   3.73115   3.69276   3.65450   3.61635
   3.57835
  
  54.00000  53.53710  52.23516  50.31230  48.03486  45.64334  43.30875  41.12425
  39.12050  37.28915  35.60393  34.03531  32.55833  31.15562  29.81736  28.53966
  27.32262  26.16844  25.07987  24.05924  23.10776  22.22527  21.41018  20.65960
  19.96957  19.33532  18.75156  18.21273  17.71322  17.24760  16.81071  16.39784
  16.00472  15.62763  15.26339  14.90931  14.56325  14.22351  13.88882  13.55831
  13.23140  12.90781  12.58750  12.27060  11.95738  11.64822  11.34359  11.04398
  10.74991  10.46188  10.18041   9.90595   9.63893   9.37972   9.12865   8.88596
   8.65186   8.42650   8.20996   8.00226   7.80340   7.61330   7.43185   7.25889
   7.09424   6.93767   6.78895   6.64779   6.51392   6.38704   6.26682   6.15296
   6.04513   5.94300   5.84624   5.75455   5.66759   5.58506   5.50666   5.43209
   5.36107   5.29333   5.22861   5.16666   5.10725   5.05015   4.99516   4.94208
   4.89073   4.84092   4.79251   4.74535   4.69930   4.65423   4.61004   4.56661
   4.52385   4.48168   4.44003   4.39881   4.35798   4.31747   4.27725   4.23727
   4.19749   4.15789   4.11844   4.07912   4.03992   4.00082   3.96182   3.92291
   3.88409   3.84536   3.80671   3.76816   3.72970   3.69136   3.65312   3.61501
   3.57704
  
   1.00000   0.98619   0.94681   0.88707   0.81360   0.73269   0.64952   0.56789
   0.49038   0.41858   0.35331   0.29491   0.24332   0.19825   0.15928   0.12588
   0.09751   0.07362   0.05367   0.03717   0.02366   0.01271   0.00394  -0.00297
  -0.00832  -0.01236  -0.01532  -0.01738  -0.01872  -0.01947  -0.01975  -0.01965
  -0.01927  -0.01867  -0.01791  -0.01703  -0.01608  -0.01509  -0.01408  -0.01307
  -0.01208  -0.01111  -0.01018  -0.00930  -0.00846  -0.00767  -0.00693  -0.00624
  -0.00560  -0.00502  -0.00448  -0.00398  -0.00353  -0.00311  -0.00274  -0.00240
  -0.00209  -0.00182  -0.00157  -0.00135  -0.00115  -0.00097  -0.00081  -0.00067
  -0.00055  -0.00044  -0.00035  -0.00026  -0.00019  -0.00013  -0.00007  -0.00002
   0.00002   0.00005   0.00008   0.00011   0.00013   0.00014   0.00016   0.00017
   0.00018   0.00018   0.00019   0.00019   0.00019   0.00019   0.00019   0.00019
   0.00019   0.00018   0.00018   0.00017   0.00017   0.00017   0.00016   0.00016
   0.00015   0.00015   0.00014   0.00014   0.00013   0.00013   0.00012   0.00012
   0.00011   0.00011   0.00010   0.00010   0.00009   0.00009   0.00009   0.00008
   0.00008   0.00007   0.00007   0.00007   0.00007   0.00006   0.00006   0.00006
   0.00005
  
   1.00000   0.68661   0.20657  -0.00669  -0.02739   0.00068   0.02074   0.02557
   0.02124   0.01385   0.00698   0.00205  -0.00075  -0.00179  -0.00162  -0.00075
   0.00041   0.00156   0.00254   0.00326   0.00369   0.00385   0.00379   0.00355
   0.00318   0.00275   0.00228   0.00182   0.00138   0.00100   0.00067   0.00040
   0.00019   0.00005  -0.00004  -0.00008  -0.00008  -0.00004   0.00002   0.00010
   0.00019   0.00029   0.00039   0.00049   0.00059   0.00067   0.00075   0.00081
   0.00087   0.00091   0.00094   0.00095   0.00096   0.00095   0.00094   0.00092
   0.00089   0.00085   0.00081   0.00077   0.00072   0.00067   0.00062   0.00057
   0.00052   0.00047   0.00042   0.00037   0.00033   0.00028   0.00024   0.00021
   0.00017   0.00014   0.00012   0.00009   0.00007   0.00005   0.00004   0.00003
   0.00002   0.00001   0.00000   0.00000   0.00000   0.00000   0.00000   0.00001
   0.00001   0.00002   0.00003   0.00004   0.00005   0.00006   0.00007   0.00008
   0.00009   0.00010   0.00011   0.00012   0.00014   0.00015   0.00016   0.00017
   0.00018   0.00019   0.00020   0.00021   0.00022   0.00022   0.00023   0.00024
   0.00024   0.00025   0.00026   0.00026   0.00026   0.00027   0.00027   0.00027
   0.00028