Core subshells: 
  3d-  3d 

Valence subshells:
  3d-  3d   4s 

Populations:

        2.0000000000        2.0000000000        2.0000000000        4.0000000000
        2.0000000000        2.0000000000        4.0000000000        4.0000000000
        6.0000000000        2.0000000000

  30.00000  29.40093  27.92669  26.12352  24.28335  22.47818  20.72052  19.02689
  17.42116  15.92620  14.55867  13.32745  12.23425  11.27505  10.44164   9.72315
   9.10720   8.58090   8.13155   7.74711   7.41653   7.12994   6.87868   6.65535
   6.45372   6.26863   6.09593   5.93229   5.77516   5.62261   5.47323   5.32605
   5.18044   5.03605   4.89275   4.75056   4.60961   4.47012   4.33235   4.19659
   4.06314   3.93228   3.80430   3.67943   3.55791   3.43993   3.32564   3.21517
   3.10861   3.00603   2.90747   2.81292   2.72238   2.63581   2.55316   2.47434
   2.39928   2.32788   2.26003   2.19561   2.13451   2.07659   2.02172   1.96978
   1.92063   1.87414   1.83018   1.78862   1.74934   1.71221   1.67710   1.64392
   1.61253   1.58284   1.55473   1.52812   1.50290   1.47899   1.45629   1.43474
   1.41424   1.39473   1.37613   1.35839   1.34143   1.32521   1.30967   1.29476
   1.28042   1.26662   1.25332   1.24047   1.22805   1.21600   1.20432   1.19296
   1.18190   1.17112   1.16059   1.15029   1.14021   1.13032   1.12060   1.11105
   1.10165   1.09239   1.08325   1.07423   1.06531   1.05649   1.04776   1.03911
   1.03053   1.02202   1.01358   1.00520   0.99688   0.98860   0.98038   0.97220
   0.96407   0.00000   0.00000   0.00000   0.00000   0.00000   0.00000   0.00000
  
  18.00000  17.90657  17.63235  17.19422  16.61738  15.93252  15.17297  14.37170
  13.55889  12.76015  11.99560  11.27967  10.62139  10.02512   9.49141   9.01792
   8.60027   8.23285   7.90941   7.62355   7.36906   7.14022   6.93185   6.73948
   6.55929   6.38814   6.22352   6.06345   5.90648   5.75153   5.59792   5.44522
   5.29325   5.14200   4.99160   4.84227   4.69429   4.54798   4.40369   4.26174
   4.12248   3.98620   3.85318   3.72367   3.59787   3.47597   3.35811   3.24438
   3.13486   3.02960   2.92861   2.83187   2.73936   2.65100   2.56674   2.48649
   2.41014   2.33757   2.26868   2.20333   2.14138   2.08271   2.02718   1.97463
   1.92495   1.87798   1.83359   1.79164   1.75201   1.71457   1.67919   1.64575
   1.61414   1.58425   1.55597   1.52920   1.50383   1.47979   1.45698   1.43532
   1.41472   1.39513   1.37646   1.35864   1.34163   1.32535   1.30976   1.29480
   1.28042   1.26658   1.25325   1.24037   1.22791   1.21585   1.20414   1.19276
   1.18168   1.17088   1.16034   1.15002   1.13992   1.13002   1.12030   1.11074
   1.10133   1.09206   1.08291   1.07388   1.06496   1.05613   1.04740   1.03874
   1.03016   1.02165   1.01321   1.00483   0.99650   0.98823   0.98000   0.97182
   0.96369   0.00000   0.00000   0.00000   0.00000   0.00000   0.00000   0.00000
  
   1.00000   0.98150   0.92922   0.85139   0.75834   0.65961   0.56247   0.47167
   0.38981   0.31791   0.25600   0.20351   0.15957   0.12318   0.09333   0.06907
   0.04952   0.03392   0.02158   0.01195   0.00452  -0.00112  -0.00531  -0.00834
  -0.01045  -0.01183  -0.01264  -0.01301  -0.01305  -0.01284  -0.01245  -0.01193
  -0.01133  -0.01067  -0.00999  -0.00930  -0.00861  -0.00795  -0.00731  -0.00670
  -0.00613  -0.00559  -0.00509  -0.00462  -0.00419  -0.00379  -0.00343  -0.00310
  -0.00279  -0.00252  -0.00226  -0.00203  -0.00183  -0.00164  -0.00147  -0.00131
  -0.00118  -0.00105  -0.00094  -0.00084  -0.00074  -0.00066  -0.00059  -0.00052
  -0.00046  -0.00041  -0.00036  -0.00032  -0.00028  -0.00024  -0.00021  -0.00019
  -0.00016  -0.00014  -0.00012  -0.00010  -0.00009  -0.00007  -0.00006  -0.00005
  -0.00004  -0.00003  -0.00002  -0.00002  -0.00001  -0.00001   0.00000   0.00000
   0.00001   0.00001   0.00001   0.00001   0.00002   0.00002   0.00002   0.00002
   0.00002   0.00002   0.00002   0.00002   0.00002   0.00002   0.00002   0.00002
   0.00002   0.00002   0.00002   0.00002   0.00002   0.00002   0.00002   0.00002
   0.00002   0.00002   0.00002   0.00002   0.00002   0.00002   0.00002   0.00002
   0.00002   0.00000   0.00000   0.00000   0.00000   0.00000   0.00000   0.00000
  
   1.00000   0.83966   0.50109   0.20767   0.04127  -0.02521  -0.03858  -0.03077
  -0.01789  -0.00650   0.00155   0.00633   0.00856   0.00904   0.00845   0.00727
   0.00587   0.00445   0.00315   0.00204   0.00115   0.00046  -0.00004  -0.00036
  -0.00055  -0.00062  -0.00061  -0.00053  -0.00041  -0.00027  -0.00010   0.00006
   0.00022   0.00038   0.00051   0.00063   0.00074   0.00082   0.00089   0.00094
   0.00097   0.00099   0.00100   0.00099   0.00097   0.00095   0.00092   0.00088
   0.00084   0.00079   0.00074   0.00069   0.00064   0.00059   0.00055   0.00050
   0.00045   0.00040   0.00036   0.00032   0.00028   0.00024   0.00021   0.00018
   0.00015   0.00012   0.00010   0.00008   0.00006   0.00004   0.00002   0.00001
   0.00000  -0.00001  -0.00002  -0.00003  -0.00003  -0.00004  -0.00004  -0.00004
  -0.00004  -0.00004  -0.00004  -0.00004  -0.00004  -0.00004  -0.00004  -0.00003
  -0.00003  -0.00003  -0.00002  -0.00002  -0.00001  -0.00001   0.00000   0.00000
   0.00001   0.00001   0.00002   0.00002   0.00003   0.00003   0.00004   0.00004
   0.00005   0.00005   0.00006   0.00006   0.00006   0.00007   0.00007   0.00008
   0.00008   0.00008   0.00009   0.00009   0.00009   0.00010   0.00010   0.00010
   0.00011   0.00000   0.00000   0.00000   0.00000   0.00000   0.00000   0.00000