Core subshells:
  1s   2s   2p-  2p   3s   3p-  3p   3d-  3d   4s   4p-  4p 

Valence subshells:
  4d-  4d   5s 

Populations:

        2.0000000000        2.0000000000        2.0000000000        4.0000000000
        2.0000000000        2.0000000000        4.0000000000        4.0000000000
        6.0000000000        2.0000000000        2.0000000000        4.0000000000
        1.2710215973        0.7289784027        2.0000000000

  40.00000  38.84500  36.34869  33.74893  31.35715  29.14146  27.09762  25.25139
  23.61487  22.17475  20.89993  19.75317  18.69991  17.71302  16.77406  15.87255
  15.00423  14.16912  13.36970  12.60951  11.89213  11.22053  10.59671  10.02158
   9.49498   9.01576   8.58199   8.19108   7.84001   7.52547   7.24402   6.99217
   6.76653   6.56385   6.38106   6.21535   6.06415   5.92515   5.79628   5.67577
   5.56205   5.45378   5.34985   5.24930   5.15137   5.05543   4.96099   4.86767
   4.77518   4.68334   4.59201   4.50111   4.41062   4.32056   4.23098   4.14192
   4.05349   3.96576   3.87885   3.79286   3.70789   3.62405   3.54143   3.46014
   3.38025   3.30185   3.22501   3.14980   3.07627   3.00447   2.93444   2.86621
   2.79981   2.73525   2.67254   2.61169   2.55268   2.49552   2.44019   2.38667
   2.33494   2.28498   2.23674   2.19020   2.14533   2.10209   2.06043   2.02032
   1.98172   1.94458   1.90885   1.87450   1.84148   1.80974   1.77924   1.74993
   1.72178   1.69474   1.66876   1.64380   1.61982   1.59678   1.57465   1.55337
   1.53292   1.51326   1.49435   1.47616   1.45865   1.44179   1.42556   1.40992
   1.39484   1.38029   1.36625   1.35269   1.33959   1.32692   1.31466   1.30279
   1.29129
  
  36.00000  35.62045  34.54621  32.94526  31.03365  29.01866  27.05900  25.24988
  23.62885  22.19240  20.91428  19.76042  18.69857  17.70314  16.75669  15.84927
  14.97679  14.13921  13.33880  12.57886  11.86269  11.19299  10.57154   9.99904
   9.47518   8.99869   8.56754   8.17910   7.83028   7.51778   7.23812   6.98785
   6.76356   6.56202   6.38019   6.21527   6.06470   5.92619   5.79772   5.67749
   5.56397   5.45583   5.35197   5.25144   5.15350   5.05751   4.96300   4.86960
   4.77702   4.68507   4.59362   4.50261   4.41201   4.32183   4.23214   4.14298
   4.05444   3.96662   3.87962   3.79355   3.70850   3.62459   3.54191   3.46056
   3.38061   3.30217   3.22529   3.15004   3.07647   3.00464   2.93459   2.86634
   2.79992   2.73534   2.67261   2.61175   2.55273   2.49557   2.44023   2.38671
   2.33497   2.28500   2.23676   2.19023   2.14535   2.10211   2.06046   2.02035
   1.98174   1.94460   1.90888   1.87453   1.84151   1.80977   1.77927   1.74997
   1.72182   1.69477   1.66879   1.64383   1.61986   1.59682   1.57469   1.55341
   1.53296   1.51330   1.49439   1.47620   1.45869   1.44183   1.42560   1.40995
   1.39487   1.38032   1.36628   1.35272   1.33961   1.32694   1.31468   1.30281
   1.29131
    
   1.00000   0.89765   0.65931   0.40756   0.21344   0.08912   0.02038  -0.01148
  -0.02161  -0.02037  -0.01412  -0.00650   0.00063   0.00645   0.01072   0.01352
   0.01507   0.01562   0.01543   0.01471   0.01365   0.01239   0.01104   0.00968
   0.00835   0.00710   0.00594   0.00490   0.00396   0.00313   0.00241   0.00178
   0.00125   0.00079   0.00041   0.00009  -0.00018  -0.00040  -0.00057  -0.00071
  -0.00081  -0.00089  -0.00095  -0.00099  -0.00101  -0.00102  -0.00102  -0.00101
  -0.00099  -0.00097  -0.00094  -0.00091  -0.00087  -0.00084  -0.00080  -0.00076
  -0.00073  -0.00069  -0.00065  -0.00062  -0.00058  -0.00055  -0.00052  -0.00048
  -0.00045  -0.00043  -0.00040  -0.00037  -0.00035  -0.00033  -0.00030  -0.00028
  -0.00026  -0.00024  -0.00023  -0.00021  -0.00020  -0.00018  -0.00017  -0.00016
  -0.00014  -0.00013  -0.00012  -0.00011  -0.00011  -0.00010  -0.00009  -0.00008
  -0.00008  -0.00007  -0.00006  -0.00006  -0.00005  -0.00005  -0.00005  -0.00004
  -0.00004  -0.00003  -0.00003  -0.00003  -0.00003  -0.00002  -0.00002  -0.00002
  -0.00002  -0.00002  -0.00001  -0.00001  -0.00001  -0.00001  -0.00001  -0.00001
  -0.00001  -0.00001  -0.00001   0.00000   0.00000   0.00000   0.00000   0.00000
   0.00000
 
   1.00000   0.71462   0.24193  -0.00573  -0.05170  -0.02773  -0.00107   0.01223
   0.01463   0.01155   0.00695   0.00287   0.00004  -0.00150  -0.00203  -0.00188
  -0.00135  -0.00066   0.00002   0.00061   0.00107   0.00137   0.00154   0.00159
   0.00155   0.00144   0.00128   0.00109   0.00090   0.00071   0.00054   0.00038
   0.00024   0.00012   0.00003  -0.00004  -0.00009  -0.00013  -0.00015  -0.00015
  -0.00015  -0.00013  -0.00011  -0.00008  -0.00005  -0.00002   0.00001   0.00004
   0.00007   0.00010   0.00013   0.00016   0.00018   0.00020   0.00022   0.00024
   0.00025   0.00026   0.00027   0.00027   0.00028   0.00028   0.00028   0.00028
   0.00027   0.00027   0.00026   0.00026   0.00025   0.00024   0.00023   0.00022
   0.00021   0.00020   0.00019   0.00018   0.00017   0.00016   0.00015   0.00014
   0.00013   0.00012   0.00011   0.00010   0.00009   0.00009   0.00008   0.00007
   0.00006   0.00006   0.00005   0.00005   0.00004   0.00003   0.00003   0.00002
   0.00002   0.00002   0.00001   0.00001   0.00001   0.00000   0.00000   0.00000
   0.00000   0.00000  -0.00001  -0.00001  -0.00001  -0.00001  -0.00001  -0.00001
  -0.00001  -0.00001  -0.00001  -0.00001  -0.00001  -0.00001  -0.00001  -0.00001
  -0.00001