0.317 1191.252650
0.318 1166.311266
0.319 1183.196092
0.320 1158.349971
0.321 1172.507466
0.322 1143.703361
0.323 1098.416677
0.324 1123.407696
0.325 1123.192127
0.326 1130.487373
0.327 1062.544162
0.328 1035.702189
0.329 1040.663298
0.330 1044.844518
0.331 1040.748584
0.332 1036.067329
0.333 1050.363733
0.334 1022.922705
0.335 1015.361820
0.336 1018.339799
0.337 1020.252415
0.338 1028.210169
0.339 1065.863216
0.340 1080.366277
0.341 1099.615576
0.342 1073.475431
0.343 1068.260294
0.344 1054.743065
0.345 1053.300577
0.346 1035.379695
0.347 1040.127922
0.348 1049.079976
0.349 1033.995876
0.350 1022.818295
0.351 1035.062430
0.352 1022.240840
0.353 1009.464926
0.354 1008.648730
0.355 1000.651597
0.356 1000.645731
0.357 1001.387334
0.358 993.156078
0.359 986.777149
0.360 992.994462
0.361 984.990513
0.362 983.841171
0.363 977.965935
0.364 978.190862
0.365 980.602797
0.366 977.701499
0.367 976.899760
0.368 969.938482
0.369 960.515515
0.370 962.591547
0.371 961.062440
0.372 953.862621
0.373 961.856631
0.374 958.620265
0.375 959.425024
0.376 950.982051
0.377 942.808275
0.378 939.861366
0.379 943.017136
0.380 939.001897
0.381 941.829247
0.382 932.274841
0.383 936.934662
0.384 922.811006
0.385 916.413370
0.386 917.991343
0.387 920.502552
0.388 915.859251
0.389 914.773330
0.390 903.187861
0.391 910.491478
0.392 902.305399
0.393 903.825475
0.394 902.302205
0.395 906.616875
0.396 894.041399
0.397 906.293301
0.398 894.420554
0.399 895.426250
0.400 885.014268
0.401 892.808755
0.402 896.979273
0.403 887.651474
0.404 887.549353
0.405 884.206622
0.406 884.731828
0.407 883.236809
0.408 881.932649
0.409 884.966622
0.410 879.238552
0.411 877.038306
0.412 875.304181
0.413 880.646034
0.414 867.668850
0.415 865.045041
0.416 863.239475
0.417 858.609825
0.418 855.072244
0.419 851.798884
0.420 852.899026
0.421 858.130096
0.422 836.127783
0.423 840.031068
0.424 843.669927
0.425 831.961604
0.426 830.175974
0.427 830.810075
0.428 821.533244
0.429 825.385018
0.430 823.106503
0.431 827.047738
0.432 817.153832
0.433 817.469319
0.434 804.357193
0.435 808.234129
0.436 810.226710
0.437 799.184342
0.438 794.858220
0.439 802.381616
0.440 797.960511
0.441 803.716253
0.442 808.051532
0.443 804.231659
0.444 807.255781
0.445 794.750407
0.446 788.133640
0.447 790.596755
0.448 785.159605
0.449 788.020993
0.450 789.371756
0.451 783.996015
0.452 778.293445
0.453 780.001215
0.454 773.053152
0.455 761.870199
0.456 771.498818
0.457 762.439392
0.458 755.757877
0.459 764.695189
0.460 751.126003
0.461 754.929152
0.462 751.000529
0.463 748.058403
0.464 749.932575
0.465 741.927286
0.466 737.905473
0.467 733.938719
0.468 739.789573
0.469 740.312468
0.470 731.801129
0.471 733.333112
0.472 730.960536
0.473 723.913971
0.474 723.217904
0.475 726.765660
0.476 726.000518
0.477 718.187176
0.478 711.586786
0.479 719.085286
0.480 717.687952
0.481 706.270157
0.482 713.428616
0.483 718.820685
0.484 708.928615
0.485 706.822121
0.486 703.732931
0.487 705.652321
0.488 702.099917
0.489 698.892373
0.490 704.283148
0.491 698.134775
0.492 702.555963
0.493 693.686340
0.494 693.467038
0.495 696.570606
0.496 698.330866
0.497 684.025511
0.498 688.564401
0.499 696.827375
0.500 686.264448
0.501 692.987035
0.502 687.149085
0.503 686.470421
0.504 684.625712
0.505 681.323069
0.506 680.155829
0.507 690.711580
0.508 683.621999
0.509 669.847495
0.510 665.286363
0.511 670.004766
0.512 671.826647
0.513 658.751532
0.514 663.668959
0.515 660.254408
0.516 657.959738
0.517 650.452930
0.518 658.545672
0.519 658.453110
0.520 657.325545
0.521 651.335486
0.522 648.669186
0.523 657.446853
0.524 639.590754
0.525 647.053168
0.526 649.134523
0.527 648.207431
0.528 648.341879
0.529 645.285873
0.530 645.500244
0.531 643.270493
0.532 643.794509
0.533 642.267165
0.534 644.581974
0.535 634.490167
0.536 624.464515
0.537 631.808914
0.538 626.835301
0.539 622.084137
0.540 624.880325
0.541 628.968995
0.542 637.160633
0.543 624.373250
0.544 626.377029
0.545 619.482629
0.546 623.904665
0.547 633.234601
0.548 621.932848
0.549 620.869172
0.550 627.449386
0.551 625.711752
0.552 620.338553
0.553 618.015971
0.554 617.937286
0.555 614.800208
0.556 612.108633
0.557 616.338783
0.558 611.280151
0.559 608.798393
0.560 610.996013
0.561 604.468716
0.562 610.704126
0.563 610.904475
0.564 610.342198
0.565 608.252669
0.566 605.910343
0.567 603.238818
0.568 602.238108
0.569 602.761247
0.570 600.978725
0.571 599.048843
0.572 607.235518
0.573 597.755878
0.574 601.963632
0.575 595.510359
0.576 597.254516
0.577 592.507874
0.578 589.913116
0.579 594.137808
0.580 593.644900
0.581 591.547461
0.582 594.087547
0.583 596.564278
0.584 598.336399
0.585 601.378672
0.586 604.844774
0.587 585.764974
0.588 593.645525
0.589 588.274495
0.590 590.414235
0.591 586.662526
0.592 598.028826
0.593 590.364685
0.594 602.223467
0.595 601.110812
0.596 609.940057
0.597 597.446297
0.598 592.980921
0.599 608.724829
0.600 594.288115
0.601 593.600969
0.602 603.376559
0.603 604.526081
0.604 604.697562
0.605 605.713078
0.606 612.070734
0.607 613.369720
0.608 609.109780
0.609 616.451961
0.610 603.915763
0.611 612.627303
0.612 605.050375
0.613 598.412327
0.614 603.286590
0.615 606.938151
0.616 613.809932
0.617 608.164538
0.618 612.379118
0.619 613.420599
0.620 623.611309
0.621 612.355147
0.622 622.608821
0.623 621.310938
0.624 623.096923
0.625 628.548162
0.626 629.417680
0.627 634.760076
0.628 637.360336
0.629 631.006429
0.630 640.383745
0.631 661.513995
0.632 651.441058
0.633 655.633592
0.634 668.034697
0.635 660.492935
0.636 672.726853
0.637 683.522662
0.638 693.519343
0.639 698.451282
0.640 702.571680
0.641 719.107826
0.642 734.939977
0.643 740.327642
0.644 757.292647
0.645 764.710906
0.646 791.704623
0.647 804.888649
0.648 822.209202
0.649 851.002784
0.650 874.312851
0.651 905.250468
0.652 938.178421
0.653 981.764667
0.654 1009.317591
0.655 1069.053099
0.656 1126.190090
0.657 1177.210258
0.658 1228.192308
0.659 1308.368379
0.660 1380.963894
0.661 1460.166131
0.662 1548.124008
0.663 1637.092435
0.664 1708.502740
0.665 1785.322423
0.666 1867.065271
0.667 1950.164881
0.668 2011.719745
0.669 2077.184863
0.670 2123.102388
0.671 2182.200939
0.672 2202.923446
0.673 2251.545869
0.674 2243.930189
0.675 2271.162243
0.676 2248.305922
0.677 2203.403320
0.678 2172.914738
0.679 2107.474974
0.680 2055.477941
0.681 1964.942725
0.682 1886.229922
0.683 1782.098720
0.684 1703.981684
0.685 1592.937982
0.686 1491.780041
0.687 1414.960624
0.688 1323.722824
0.689 1241.161889
0.690 1168.814957
0.691 1102.753186
0.692 1056.823278
0.693 995.827113
0.694 956.350145
0.695 909.054786
0.696 881.961467
0.697 848.447933
0.698 827.500480
0.699 804.226869
0.700 779.425467
0.701 758.669743
0.702 746.631705
0.703 728.172337
0.704 701.606074
0.705 690.873764
0.706 679.150999
0.707 665.645875
0.708 651.442986
0.709 645.051955
0.710 644.524892
0.711 628.044871
0.712 621.427051
0.713 617.467347
0.714 614.659674
0.715 595.961671
0.716 593.685027
0.717 585.101929
0.718 579.660807
0.719 578.771758
0.720 569.422306
0.721 559.069169
0.722 561.419557
0.723 556.688481
0.724 549.471804
0.725 547.582733
0.726 536.877516
0.727 539.479138
0.728 531.324426
0.729 536.175593
0.730 526.883236
0.731 530.132138
0.732 521.117802
0.733 520.084185
0.734 511.286204
0.735 510.361625
0.736 511.086240
0.737 507.748298
0.738 499.979227
0.739 502.612392
0.740 506.447206
0.741 498.678341
0.742 500.415421
0.743 497.108135
0.744 498.587908
0.745 488.329749
0.746 501.608134
0.747 498.096819
0.748 488.079017
0.749 490.567717
0.750 492.130757
0.751 486.271822
0.752 485.453525
0.753 484.854467
0.754 482.491577
0.755 488.439535
0.756 486.048705
0.757 483.292796
0.758 493.900495
0.759 495.242552
0.760 497.363315
0.761 493.069320
0.762 497.722211
0.763 505.205799
0.764 503.681044
0.765 508.457790
0.766 513.133522
0.767 523.001822
0.768 518.263230
0.769 526.436152
0.770 534.180556
0.771 535.698024
0.772 548.500955
0.773 550.944459
0.774 558.326324
0.775 555.117784
0.776 556.133273
0.777 557.796410
0.778 563.368143
0.779 556.955952
0.780 551.767141
0.781 553.408723
0.782 536.900829
0.783 532.215218
0.784 528.705580
0.785 523.759075
0.786 511.775519
0.787 513.427229
0.788 495.473358
0.789 490.555071
0.790 483.138960
0.791 472.534280
0.792 462.468498
0.793 472.453604
0.794 454.215737
0.795 457.138811
0.796 449.025367
0.797 448.904119
0.798 437.253555
0.799 437.394455
0.800 434.207623
0.801 434.789059
0.802 428.112055
0.803 421.344157
0.804 421.891919
0.805 419.024142
0.806 421.591472
0.807 417.103201
0.808 417.828534
0.809 421.073560
0.810 410.699758
0.811 410.078229
0.812 418.111880
0.813 412.453917
0.814 411.596470
0.815 409.160404
0.816 404.664949
0.817 408.268810
0.818 406.193021
0.819 404.077611
0.820 404.212490
0.821 404.010550
0.822 403.572820
0.823 394.232637
0.824 403.181579
0.825 394.944766
0.826 399.284376
0.827 392.511625
0.828 396.800470
0.829 388.763643
0.830 394.552104
0.831 389.339774
0.832 390.801228
0.833 390.606577
0.834 386.929984
0.835 387.651186
0.836 383.844552
0.837 386.634048
0.838 387.637601
0.839 382.782107
0.840 387.447296
0.841 388.188937
0.842 390.426398
0.843 381.243734
0.844 389.501514
0.845 386.495293
0.846 378.339499
0.847 384.470163
0.848 386.225695
0.849 386.308444
0.850 377.622145
0.851 387.196931
0.852 376.485463
0.853 374.946211
0.854 377.110007
0.855 374.146772
0.856 381.707898
0.857 378.803365
0.858 379.985494
0.859 380.143366
0.860 375.902122
0.861 378.290893
0.862 379.152849
0.863 381.230806
0.864 373.751403
0.865 371.105609
0.866 375.786719
0.867 374.184722
0.868 376.611268
0.869 379.466941
0.870 373.344359
0.871 366.369844
0.872 375.838332
0.873 377.741837
0.874 381.142168
0.875 375.531649
0.876 375.497246
0.877 377.153291
0.878 371.272069
0.879 368.552620
0.880 370.843365
0.881 374.408854
0.882 375.113275
0.883 371.092361
0.884 369.948030
0.885 369.015981
0.886 373.481829
0.887 367.439323
0.888 370.229963
0.889 370.698636
0.890 366.029933
0.891 369.570258
0.892 361.358385
0.893 369.032245
0.894 361.334621
0.895 365.454910
0.896 365.743572
0.897 367.806670
0.898 367.672098
0.899 362.382987
0.900 371.236818
0.901 367.977884
0.902 365.593206
0.903 366.522601
0.904 372.765673
0.905 370.739689
0.906 367.987279
0.907 367.840932
0.908 371.634994
0.909 369.092109
0.910 370.946380
0.911 372.476974
0.912 370.956822
0.913 370.047081
0.914 367.461767
0.915 366.978538
0.916 370.799977
0.917 370.903697
0.918 363.627761
0.919 377.750584
0.920 373.341483
0.921 369.684320
0.922 369.919222
0.923 371.411232
0.924 368.295952
0.925 371.601717
0.926 372.339241
0.927 374.209542
0.928 372.701271
0.929 367.641154
0.930 373.536164
0.931 367.210337
0.932 371.330901
0.933 371.295674
0.934 365.432386
0.935 369.997828
0.936 372.630918
0.937 368.097863
0.938 369.315103
0.939 372.382741
0.940 373.396743
0.941 365.317269
0.942 368.594718
0.943 369.785068
0.944 373.789593
0.945 362.816595
0.946 370.835737
0.947 373.247301
0.948 373.097066
0.949 370.068506
0.950 372.659101
0.951 369.233637
0.952 374.648632
0.953 369.683181
0.954 366.790860
0.955 376.023457
0.956 374.617317
0.957 375.662154
0.958 374.443870
0.959 374.011426
0.960 380.659492
0.961 369.596249
0.962 378.671691
0.963 382.743533
0.964 377.858815
0.965 381.224594
0.966 380.286060
0.967 383.970502
0.968 379.895601
0.969 374.898023
0.970 381.371189
0.971 386.292896
0.972 381.070679
0.973 383.561001
0.974 386.457246
0.975 385.790545
0.976 379.698173
0.977 387.379995
0.978 386.071738
0.979 387.270765
0.980 377.850133
0.981 382.050814
0.982 388.112906
0.983 387.955481
0.984 387.254706
0.985 387.633088
0.986 383.169653
0.987 384.501312
0.988 389.918406
0.989 390.556635
0.990 390.323776
0.991 385.398335
0.992 383.842913
0.993 393.253927
0.994 385.700241
0.995 380.403874
0.996 395.041423
0.997 394.156072
0.998 395.149396
0.999 389.315956
1.000 389.302722
1.001 393.615706
1.002 387.697964
1.003 395.653614
1.004 389.284814
1.005 392.600704
1.006 394.937751
1.007 390.985553
1.008 401.300627
1.009 400.368216
1.010 394.717663
1.011 398.276844
1.012 401.555177
1.013 394.681095
1.014 398.593673
1.015 408.566546
1.016 394.390075
1.017 396.825293
1.018 400.026372
1.019 401.134441
1.020 409.988625
1.021 405.446772
1.022 411.733422
1.023 412.244414
1.024 415.985336
1.025 411.600228
1.026 418.274589
1.027 416.872712
1.028 417.623041
1.029 419.249770
1.030 416.484755
1.031 419.745737
1.032 420.074729
1.033 425.863974
1.034 426.273902
1.035 425.181985
1.036 429.755645
1.037 423.184166
1.038 426.460265
1.039 432.660722
1.040 436.086474
1.041 431.668685
1.042 440.259523
1.043 448.334262
1.044 444.905940
1.045 450.890550
1.046 449.532203
1.047 453.084782
1.048 459.261587
1.049 459.893110
1.050 469.233388
1.051 469.311905
1.052 478.023085
1.053 483.806082
1.054 483.156626
1.055 487.852677
1.056 491.903577
1.057 498.918202
1.058 503.427873
1.059 510.114756
1.060 508.204184
1.061 513.548895
1.062 532.462459
1.063 532.587645
1.064 535.862090
1.065 560.935114
1.066 567.986772
1.067 560.479731
1.068 577.676751
1.069 590.881391
1.070 599.603296
1.071 608.872411
1.072 621.868956
1.073 634.965200
1.074 655.776560
1.075 687.127344
1.076 695.146101
1.077 720.135558
1.078 754.161809
1.079 784.901557
1.080 820.382949
1.081 858.958007
1.082 911.770413
1.083 958.139172
1.084 1013.031660
1.085 1079.470810
1.086 1137.482238
1.087 1206.867845
1.088 1277.400682
1.089 1362.485192
1.090 1461.008900
1.091 1536.386674
1.092 1618.603961
1.093 1696.883686
1.094 1754.475119
1.095 1841.445623
1.096 1898.962396
1.097 1951.719551
1.098 1996.153597
1.099 2022.184197
1.100 2023.980838
1.101 2047.311036
1.102 2023.589447
1.103 2000.143837
1.104 1977.691997
1.105 1914.442285
1.106 1845.605109
1.107 1764.122293
1.108 1669.423283
1.109 1571.470469
1.110 1496.137997
1.111 1386.348367
1.112 1294.444328
1.113 1217.441216
1.114 1128.798795
1.115 1067.518914
1.116 999.460657
1.117 942.505719
1.118 889.859418
1.119 847.752773
1.120 805.614277
1.121 768.944967
1.122 739.721082
1.123 711.020706
1.124 696.471094
1.125 655.196505
1.126 642.442430
1.127 625.917903
1.128 606.455737
1.129 594.928249
1.130 581.938733
1.131 569.741166
1.132 557.663858
1.133 549.007206
1.134 532.559940
1.135 529.395930
1.136 526.166242
1.137 506.477924
1.138 501.357356
1.139 492.366789
1.140 492.474829
1.141 482.205791
1.142 476.815153
1.143 470.354224
1.144 458.522768
1.145 462.590401
1.146 449.779654
1.147 455.119370
1.148 445.658373
1.149 441.836387
1.150 433.081806
1.151 433.728823
1.152 428.596410
1.153 429.790973
1.154 421.449864
1.155 422.754513
1.156 419.471885
1.157 410.687454
1.158 412.743967
1.159 407.588790
1.160 402.402286
1.161 403.584370
1.162 395.654793
1.163 399.373889
1.164 391.581425
1.165 399.272171
1.166 390.124859
1.167 382.070166
1.168 380.707919
1.169 381.215594
1.170 386.333296
1.171 386.773442
1.172 374.778413
1.173 378.587073
1.174 375.085907
1.175 374.612545
1.176 372.543159
1.177 369.545467
1.178 367.646933
1.179 369.317637
1.180 368.329315
1.181 362.610053
1.182 358.414768
1.183 361.170125
1.184 358.914240
1.185 354.404674
1.186 354.814242
1.187 353.153821
1.188 354.804597
1.189 355.782434
1.190 358.597793
1.191 346.868248
1.192 342.721109
1.193 345.665541
1.194 354.817297
1.195 344.251240
1.196 351.050274
1.197 341.519889
1.198 341.423304
1.199 345.192822
1.200 336.748489
1.201 345.069060
1.202 339.334224
1.203 348.899155
1.204 346.629243
1.205 344.368165
1.206 336.764986
1.207 344.135353
1.208 340.659892
1.209 335.273519
1.210 332.280875
1.211 340.622098
1.212 337.277758
1.213 340.983799
1.214 337.914807
1.215 336.957761
1.216 342.490449
1.217 339.539466
1.218 342.278933
1.219 340.590896
1.220 338.314964
1.221 338.605988
1.222 338.461242
1.223 334.524340
1.224 331.579260
1.225 340.607146
1.226 336.023406
1.227 336.879208
1.228 332.035664
1.229 338.648841
1.230 336.830987
1.231 337.210317
1.232 333.847527
1.233 337.611334
1.234 340.898848
1.235 340.167896
1.236 342.696973
1.237 340.894403
1.238 337.000247
1.239 342.238413
1.240 346.439957
1.241 344.765962
1.242 343.759083
1.243 343.834165
1.244 345.640706
1.245 352.050192
1.246 350.628544
1.247 350.283165
1.248 343.248499
1.249 357.676963
1.250 354.119638
1.251 359.063063
1.252 360.671794
1.253 366.408990
1.254 360.113947
1.255 371.571841
1.256 370.660704
1.257 374.920182
1.258 373.282162
1.259 379.024201
1.260 390.201420
1.261 384.267761
1.262 396.733519
1.263 397.205319
1.264 406.580730
1.265 416.452152
1.266 417.220123
1.267 431.041451
1.268 438.318084
1.269 455.155254
1.270 467.692137
1.271 483.202667
1.272 499.517257
1.273 516.438580
1.274 544.255582
1.275 576.249725
1.276 603.454568
1.277 616.163563
1.278 647.538279
1.279 684.391120
1.280 716.676944
1.281 739.828869
1.282 767.529318
1.283 805.289609
1.284 838.422437
1.285 857.842716
1.286 875.103044
1.287 887.161008
1.288 900.306924
1.289 923.606410
1.290 919.316969
1.291 913.076664
1.292 906.210118
1.293 883.338008
1.294 859.905494
1.295 835.354824
1.296 814.745074
1.297 780.187473
1.298 752.843074
1.299 713.203714
1.300 667.359913
1.301 646.320812
1.302 615.935118
1.303 588.038402
1.304 554.806204
1.305 530.288294
1.306 507.876901
1.307 482.655930
1.308 462.861703
1.309 446.222759
1.310 435.141242
1.311 419.924754
1.312 407.714731
1.313 401.952357
1.314 391.998890
1.315 387.612075
1.316 374.866886
1.317 370.984092
1.318 368.780838
1.319 363.498755
1.320 361.604930
1.321 356.745039
1.322 355.897526
1.323 358.652266
1.324 356.721834
1.325 353.176428
1.326 350.590996
1.327 357.155910
1.328 354.833633
1.329 352.230055
1.330 362.924096
1.331 364.056330
1.332 369.744494
1.333 368.639807
1.334 377.419066
1.335 376.773148
1.336 391.259406
1.337 389.099895
1.338 398.472598
1.339 400.651896
1.340 407.935118
1.341 409.855013
1.342 412.134275
1.343 415.420399
1.344 413.158232
1.345 419.094132
1.346 417.904927
1.347 413.976134
1.348 413.957250
1.349 399.737272
1.350 415.343628
1.351 403.835809
1.352 400.510198
1.353 386.454467
1.354 373.959605
1.355 373.007917
1.356 361.494241
1.357 358.725212
1.358 348.374093
1.359 342.020453
1.360 333.022662
1.361 324.010597
1.362 315.942690
1.363 310.852019
1.364 307.236291
1.365 300.847377
1.366 299.385333
1.367 299.428635
1.368 289.867488
1.369 288.172027
1.370 284.098496
1.371 290.184229
1.372 282.437535
1.373 277.734052
1.374 273.757425
1.375 272.085132
1.376 275.548390
1.377 272.068506
1.378 267.970106
1.379 266.796666
1.380 261.860693
1.381 263.328674
1.382 260.181426
1.383 263.379029
1.384 264.823769
1.385 262.575409
1.386 259.374732
1.387 255.895121
1.388 254.358830
1.389 255.919499
1.390 254.862402
1.391 247.435723
1.392 258.682646
1.393 253.526842
1.394 251.314599
1.395 253.785954
1.396 248.876933
1.397 245.799212
1.398 247.781884
1.399 251.727714
1.400 249.724498
1.401 250.601609
1.402 250.540165
1.403 250.538663
1.404 246.542017
1.405 249.812370
1.406 242.928657
1.407 244.296087
1.408 243.107007
1.409 250.218115
1.410 245.029304
1.411 247.237850
1.412 241.244941
1.413 240.794094
1.414 242.983295
1.415 239.572440
1.416 244.995552
1.417 239.797963
1.418 241.219641
1.419 234.910223
1.420 242.013890
1.421 243.596284
1.422 238.864281
1.423 240.548370
1.424 241.870151
1.425 237.828673
1.426 236.451608
1.427 235.968985
1.428 235.328759
1.429 238.206796
1.430 240.824404
1.431 237.308659
1.432 240.311499
1.433 238.609474
1.434 238.750067
1.435 232.298636
1.436 236.917901
1.437 230.406214
1.438 232.229019
1.439 235.515558
1.440 234.613179
1.441 236.499773
1.442 234.140224
1.443 232.710326
1.444 234.235051
1.445 228.389403
1.446 231.059021
1.447 233.664015
1.448 231.379474
1.449 233.775923
1.450 231.120998
1.451 231.041709
1.452 229.864075
1.453 229.497817
1.454 226.586079
1.455 231.426039
1.456 231.584949
1.457 225.728074
1.458 228.774180
1.459 230.941666
1.460 231.418948
1.461 228.324721
1.462 231.425751
1.463 228.730154
1.464 232.899573
1.465 228.642952
1.466 233.174172
1.467 228.922602
1.468 230.131275
1.469 231.482671
1.470 232.979318
1.471 231.894637
1.472 225.235125
1.473 227.044444
1.474 227.022957
1.475 226.806267
1.476 224.846893
1.477 229.493047
1.478 229.607187
1.479 227.508707
1.480 226.289745
1.481 232.489640
1.482 230.465390
1.483 224.707960
1.484 225.442797
1.485 232.521986
1.486 228.914182
1.487 233.429280
1.488 226.204387
1.489 225.313902
1.490 226.610430
1.491 227.964416
1.492 229.711011
1.493 227.679715
1.494 229.760915
1.495 225.793583
1.496 228.654962
1.497 227.478419
1.498 231.569950
1.499 227.779992
1.500 231.366218
1.501 225.273539
1.502 229.366094
1.503 226.193530
1.504 232.540778
1.505 226.146548
1.506 239.042461
1.507 231.834639
1.508 231.067374
1.509 235.247133
1.510 233.120164
1.511 230.869603
1.512 234.521578
1.513 236.417037
1.514 235.062605
1.515 239.375480
1.516 233.155228
1.517 237.807973
1.518 235.257766
1.519 238.643979
1.520 238.485515
1.521 239.291678
1.522 242.341657
1.523 248.961577
1.524 240.479800
1.525 252.226975
1.526 250.753680
1.527 247.187959
1.528 255.983409
1.529 257.240752
1.530 262.146840
1.531 265.126049
1.532 269.325790
1.533 268.350137
1.534 272.158688
1.535 278.587040
1.536 285.220907
1.537 288.789529
1.538 300.480546
1.539 309.591888
1.540 314.037161
1.541 326.818270
1.542 332.945759
1.543 348.773859
1.544 365.480075
1.545 373.210648
1.546 393.405716
1.547 401.220558
1.548 407.575461
1.549 416.069955
1.550 433.358098
1.551 435.309731
1.552 445.283279
1.553 444.443267
1.554 452.502260
1.555 453.442763
1.556 449.841877
1.557 445.915194
1.558 445.637039
1.559 430.631169
1.560 424.928614
1.561 416.809018
1.562 400.712924
1.563 396.865654
1.564 386.550942
1.565 366.627976
1.566 359.735311
1.567 346.304959
1.568 336.064815
1.569 324.859658
1.570 310.763770
1.571 301.536850
1.572 299.780051
1.573 286.518617
1.574 279.926032
1.575 274.459472
1.576 261.695755
1.577 263.373252
1.578 261.682533
1.579 259.164685
1.580 257.440035
1.581 254.985473
1.582 251.939372
1.583 245.580739
1.584 245.977582
1.585 245.298609
1.586 245.048226
1.587 234.205110
1.588 239.158036
1.589 240.084965
1.590 234.180907
1.591 233.710836
1.592 236.047822
1.593 234.775408
1.594 232.145646
1.595 230.849961
1.596 235.992446
1.597 234.856530
1.598 230.564441
1.599 228.681405
1.600 229.805405
1.601 232.420504
1.602 230.500962
1.603 228.415861
1.604 230.804043
1.605 228.714840
1.606 219.934845
1.607 225.324737
1.608 226.742183
1.609 230.060517
1.610 226.531274
1.611 225.418052
1.612 227.192853
1.613 223.851930
1.614 223.931968
1.615 221.394924
1.616 220.704444
1.617 227.747853
1.618 226.134556
1.619 225.685589
1.620 221.201341
1.621 222.314207
1.622 228.096247
1.623 222.530662
1.624 226.464740
1.625 223.759000
1.626 224.154297
1.627 222.002841
1.628 219.849003
1.629 230.726964
1.630 225.940230
1.631 227.008584
1.632 225.043838
1.633 226.177948
1.634 224.126128
1.635 228.942661
1.636 229.634967
1.637 230.174864
1.638 228.984859
1.639 223.301023
1.640 220.634647
1.641 226.003490
1.642 233.613940
1.643 232.382633
1.644 233.634961
1.645 228.993999
1.646 233.128311
1.647 230.880850
1.648 230.706055
1.649 232.411666
1.650 229.931729
1.651 232.524893
1.652 236.523649
1.653 234.950836
1.654 233.670550
1.655 237.716234
1.656 240.741019
1.657 241.215094
1.658 249.098482
1.659 241.153605
1.660 247.151678
1.661 246.214490
1.662 249.114697
1.663 250.808699
1.664 255.125516
1.665 257.753323
1.666 258.343382
1.667 261.336349
1.668 263.687553
1.669 263.090463
1.670 267.382003
1.671 273.219642
1.672 277.930682
1.673 283.480140
1.674 283.623888
1.675 295.971125
1.676 308.281757
1.677 314.653163
1.678 321.626179
1.679 321.870381
1.680 340.531652
1.681 354.638661
1.682 367.243226
1.683 374.316179
1.684 401.572792
1.685 401.070608
1.686 421.183713
1.687 427.585325
1.688 445.825202
1.689 452.625567
1.690 461.341278
1.691 471.610929
1.692 478.105404
1.693 479.635124
1.694 486.449463
1.695 483.487484
1.696 469.816529
1.697 476.632825
1.698 462.773692
1.699 456.606398
1.700 441.606629
1.701 435.871774
1.702 419.230189
1.703 407.127165
1.704 391.240545
1.705 378.191281
1.706 369.749012
1.707 354.070473
1.708 344.446003
1.709 334.362464
1.710 316.942598
1.711 312.538032
1.712 303.475658
1.713 295.596130
1.714 288.880173
1.715 287.801055
1.716 278.307776
1.717 279.450070
1.718 272.732003
1.719 271.486830
1.720 265.001280
1.721 262.057684
1.722 263.497418
1.723 264.731448
1.724 260.224994
1.725 260.250918
1.726 252.990205
1.727 255.450563
1.728 250.659986
1.729 250.838391
1.730 253.202760
1.731 257.949971
1.732 254.857764
1.733 246.231080
1.734 246.804428
1.735 247.511082
1.736 251.355799
1.737 247.399254
1.738 249.875486
1.739 249.969146
1.740 248.572610
1.741 245.229485
1.742 244.310451
1.743 241.519584
1.744 241.879028
1.745 239.800421
1.746 233.990281
1.747 236.725042
1.748 242.160905
1.749 233.489257
1.750 234.679681
1.751 237.391658
1.752 232.679610
1.753 232.328363
1.754 235.460965
1.755 233.415124
1.756 234.767169
1.757 229.289042
1.758 233.015318
1.759 224.318746
1.760 231.109260
1.761 228.578977
1.762 229.268952
1.763 234.021314
1.764 232.352319
1.765 229.857677
1.766 225.184237
1.767 227.806482
1.768 229.325356
1.769 231.672650
1.770 226.180106
1.771 226.923051
1.772 226.196884
1.773 226.798518
1.774 226.239056
1.775 227.436573
1.776 225.707287
1.777 225.569060
1.778 222.617081
1.779 225.524161
1.780 224.559794
1.781 224.259229
1.782 222.408983
1.783 221.041505
1.784 218.341373
1.785 222.005801
1.786 219.792966
1.787 220.893238
1.788 216.981125
1.789 221.664526
1.790 219.741761
1.791 222.707442
1.792 222.008668
1.793 219.879338
1.794 218.775293
1.795 218.053931
1.796 224.130624
1.797 221.000410
1.798 220.361912
1.799 220.722613
1.800 223.100165
1.801 220.996236
1.802 222.638716
1.803 226.681253
1.804 219.448134
1.805 220.321033
1.806 224.642292
1.807 221.248708
1.808 220.527615
1.809 218.998750
1.810 222.358666
1.811 216.280371
1.812 223.116153
1.813 220.358334
1.814 223.021423
1.815 218.843379
1.816 221.227818
1.817 216.462567
1.818 218.512009
1.819 225.333002
1.820 220.035668
1.821 218.097884
1.822 223.303043
1.823 221.769625
1.824 222.964477
1.825 226.946909
1.826 225.043096
1.827 226.391533
1.828 224.935574
1.829 231.926420
1.830 230.067853
1.831 227.282304
1.832 227.785703
1.833 226.051054
1.834 227.205681
1.835 233.595148
1.836 227.266620
1.837 228.789830
1.838 232.987363
1.839 234.667366
1.840 234.466390
1.841 236.939582
1.842 233.390727
1.843 231.860090
1.844 234.864589
1.845 236.955124
1.846 234.700568
1.847 235.768267
1.848 236.143836
1.849 240.114828
1.850 237.117840
1.851 241.117096
1.852 246.294946
1.853 246.100670
1.854 242.942346
1.855 240.960183
1.856 247.759498
1.857 242.188042
1.858 249.593913
1.859 249.239862
1.860 249.934697
1.861 246.828693
1.862 255.835959
1.863 254.456983
1.864 258.504923
1.865 263.241354
1.866 261.312946
1.867 260.931863
1.868 263.670826
1.869 266.913991
1.870 271.203672
1.871 270.544181
1.872 280.981336
1.873 281.005083
1.874 282.217058
1.875 287.872302
1.876 299.860534
1.877 301.464454
1.878 311.373917
1.879 315.583116
1.880 319.148214
1.881 333.316757
1.882 335.662701
1.883 349.759413
1.884 364.397354
1.885 372.727735
1.886 394.906469
1.887 402.233525
1.888 431.833180
1.889 449.755081
1.890 465.376150
1.891 495.665837
1.892 513.412007
1.893 538.761612
1.894 569.880923
1.895 590.503595
1.896 617.524303
1.897 637.187201
1.898 668.973015
1.899 675.177920
1.900 699.429940
1.901 714.608088
1.902 713.378227
1.903 724.467824
1.904 735.454444
1.905 726.315399
1.906 721.412734
1.907 708.983644
1.908 689.131777
1.909 670.679397
1.910 653.799213
1.911 631.559658
1.912 605.837895
1.913 577.255594
1.914 550.423650
1.915 525.560070
1.916 495.396193
1.917 478.517771
1.918 448.157423
1.919 430.601624
1.920 410.586027
1.921 392.650103
1.922 378.219047
1.923 354.594875
1.924 338.701684
1.925 334.856494
1.926 323.601628
1.927 309.672872
1.928 302.935395
1.929 300.736596
1.930 295.001250
1.931 284.577838
1.932 276.070862
1.933 271.874390
1.934 268.640292
1.935 268.014821
1.936 261.077956
1.937 257.123216
1.938 256.283599
1.939 247.030206
1.940 248.124609
1.941 245.454232
1.942 248.186039
1.943 240.296887
1.944 238.045752
1.945 237.062251
1.946 236.814823
1.947 231.963081
1.948 233.897027
1.949 230.477984
1.950 230.516846
1.951 231.590899
1.952 226.962132
1.953 223.700060
1.954 218.411098
1.955 222.457085
1.956 219.539558
1.957 220.050233
1.958 215.402387
1.959 217.665935
1.960 216.085628
1.961 216.501658
1.962 213.711736
1.963 214.896016
1.964 221.024665
1.965 214.240793
1.966 215.166070
1.967 212.707444
1.968 214.768908
1.969 208.387195
1.970 209.883246
1.971 211.143184
1.972 211.226558
1.973 207.213003
1.974 207.001428
1.975 213.288348
1.976 210.363638
1.977 208.095062
1.978 206.949532
1.979 208.099527
1.980 208.062494
1.981 209.615169
1.982 205.724868
1.983 207.525992
1.984 205.364805
1.985 203.895785
1.986 207.160799
1.987 208.218506
1.988 210.764518
1.989 209.451317
1.990 208.852575
1.991 208.777068
1.992 208.698885
1.993 208.459354
1.994 214.910180
1.995 213.955175
1.996 215.349574
1.997 218.549620
1.998 225.154668
1.999 227.661729
2.000 228.744775
2.001 235.844496
2.002 236.934046
2.003 249.322169
2.004 247.686272
2.005 250.286922
2.006 260.021749
2.007 265.296571
2.008 273.251681
2.009 280.896208
2.010 288.252496
2.011 286.317684
2.012 301.326563
2.013 303.005487
2.014 308.112637
2.015 314.673844
2.016 316.190643
2.017 321.105402
2.018 324.064539
2.019 317.114594
2.020 318.055197
2.021 319.357895
2.022 310.289447
2.023 310.271095
2.024 304.727292
2.025 297.080692
2.026 286.887928
2.027 281.517875
2.028 278.361569
2.029 263.607007
2.030 254.655310
2.031 248.675211
2.032 248.169422
2.033 235.046736
2.034 229.783731
2.035 225.679420
2.036 227.451285
2.037 212.851130
2.038 207.527475
2.039 209.454993
2.040 197.818563
2.041 194.519628
2.042 196.478673
2.043 187.536898
2.044 188.692203
2.045 185.370326
2.046 184.582429
2.047 183.068235
2.048 183.978499
2.049 176.799806
2.050 180.734368
2.051 182.404733
2.052 176.739021
2.053 170.814305
2.054 174.143183
2.055 173.095317
2.056 172.463096
2.057 170.930196
2.058 169.018253
2.059 165.467780
2.060 167.135308
2.061 167.545709
2.062 167.617174
2.063 166.142906
2.064 164.410365
2.065 169.092024
2.066 159.383854
2.067 160.775086
2.068 161.435869
2.069 160.691277
2.070 156.844565
2.071 163.890056
2.072 158.419773
2.073 159.205714
2.074 159.897468
2.075 161.287086
2.076 162.491373
2.077 155.715313
2.078 154.736860
2.079 156.466298
2.080 153.720764
2.081 152.479811
2.082 154.824439
2.083 154.873395
2.084 154.949243
2.085 152.477352
2.086 155.428379
2.087 154.120958
2.088 152.733431
2.089 152.734793
2.090 152.499983
2.091 151.540279
2.092 153.652519
2.093 148.487366
2.094 150.323404
2.095 152.296384
2.096 151.836164
2.097 149.985314
2.098 146.226692
2.099 152.983912
2.100 151.391499
2.101 148.709696
2.102 148.437722
2.103 148.287766
2.104 149.114143
2.105 148.227659
2.106 147.601801
2.107 149.490354
2.108 148.956011
2.109 147.933644
2.110 148.132613
2.111 145.728195
2.112 146.861582
2.113 143.182361
2.114 146.123528
2.115 147.174327
2.116 143.877275
2.117 147.228752
2.118 148.345768
2.119 144.121336
2.120 145.799142
2.121 143.987331
2.122 146.119987
2.123 145.394371
2.124 145.952521
2.125 144.028994
2.126 146.861873
2.127 146.258246
2.128 144.759523
2.129 148.620055
2.130 144.296935
2.131 143.852857
2.132 142.838547
2.133 146.652688
2.134 145.158013
2.135 143.203001
2.136 139.988484
2.137 145.644594
2.138 144.083926
2.139 144.279056
2.140 144.070272
2.141 146.508384
2.142 143.143055
2.143 144.220698
2.144 146.028353
2.145 140.079555
2.146 146.625193
2.147 145.614672
2.148 143.791002
2.149 142.734297
2.150 142.852851
2.151 142.768885
2.152 145.245279
2.153 146.335916
2.154 144.992089
2.155 150.872599
2.156 146.662484
2.157 144.185042
2.158 147.932701
2.159 146.004350
2.160 149.041191
2.161 145.821205
2.162 147.658700
2.163 148.239602
2.164 146.516094
2.165 143.131721
2.166 149.743124
2.167 145.974129
2.168 152.062307
2.169 151.490324
2.170 150.347204
2.171 153.961241
2.172 150.701819
2.173 152.012986
2.174 152.179481
2.175 154.713493
2.176 151.913463
2.177 155.840253
2.178 159.886684
2.179 159.137524
2.180 157.410661
2.181 166.126397
2.182 167.954543
2.183 166.354890
2.184 173.403172
2.185 174.092792
2.186 170.702244
2.187 177.268098
2.188 182.740030
2.189 180.184266
2.190 182.853120
2.191 183.423286
2.192 190.634604
2.193 190.615434
2.194 191.790720
2.195 189.765532
2.196 196.201996
2.197 193.621344
2.198 196.187023
2.199 194.858830
2.200 195.249456
2.201 194.244813
2.202 189.611780
2.203 186.984772
2.204 185.900441
2.205 186.903412
2.206 180.965706
2.207 180.962043
2.208 176.066530
2.209 171.462861
2.210 172.199846
2.211 168.810703
2.212 165.977901
2.213 163.812216
2.214 156.625164
2.215 160.887447
2.216 153.361014
2.217 155.871542
2.218 151.695857
2.219 150.160277
2.220 151.358464
2.221 141.888714
2.222 145.036560
2.223 144.990808
2.224 144.262178
2.225 148.396584
2.226 144.255935
2.227 142.320439
2.228 140.034519
2.229 138.727023
2.230 139.516830
2.231 139.534468
2.232 141.896429
2.233 134.080552
2.234 138.855738
2.235 140.298187
2.236 138.676914
2.237 129.718928
2.238 133.349942
2.239 135.131967
2.240 136.061653
2.241 135.290024
2.242 136.633905
2.243 137.032678
2.244 135.297949
2.245 133.945877
2.246 135.675553
2.247 133.675072
2.248 134.610376
2.249 132.217315
2.250 131.415289
2.251 132.931326
2.252 133.731893
2.253 134.556957
2.254 137.515889
2.255 136.152841
2.256 135.652463
2.257 131.204091
2.258 131.468642
2.259 132.561388
2.260 131.829953
2.261 131.883285
2.262 133.651150
2.263 137.609093
2.264 133.712393
2.265 135.507476
2.266 134.684198
2.267 136.092351
2.268 137.573163
2.269 140.744203
2.270 144.953232
2.271 144.629455
2.272 143.829397
2.273 140.286556
2.274 141.514581
2.275 146.730072
2.276 147.169392
2.277 152.575762
2.278 153.585546
2.279 153.622622
2.280 156.046050
2.281 161.749170
2.282 162.575548
2.283 169.391377
2.284 174.329776
2.285 171.875109
2.286 177.061166
2.287 185.221315
2.288 187.888132
2.289 191.421419
2.290 201.597749
2.291 201.461473
2.292 209.384818
2.293 210.492245
2.294 213.139401
2.295 211.046084
2.296 219.691920
2.297 224.421163
2.298 224.022725
2.299 219.419129
2.300 220.996231
2.301 218.696325
2.302 213.482587
2.303 212.875145
2.304 205.560931
2.305 200.861159
2.306 201.571511
2.307 194.739965
2.308 184.811820
2.309 187.116901
2.310 181.235371
2.311 174.035082
2.312 173.280280
2.313 170.594374
2.314 166.212118
2.315 163.190178
2.316 158.532677
2.317 160.659175
2.318 155.268452
2.319 149.043805
2.320 151.572868
2.321 150.216404
2.322 144.246031
2.323 145.820823
2.324 145.118417
2.325 143.383869
2.326 141.488027
2.327 140.313815
2.328 137.376093
2.329 136.258251
2.330 137.773192
2.331 136.987388
2.332 130.385368
2.333 135.177327
2.334 133.689936
2.335 131.699259
2.336 126.134816
2.337 131.604218
2.338 132.058302
2.339 127.634622
2.340 126.146041
2.341 126.191973
2.342 125.840775
2.343 126.831114
2.344 123.290734
2.345 125.738604
2.346 119.270464
2.347 117.819092
2.348 123.371119
2.349 117.628513
2.350 117.262847
2.351 121.460360
2.352 119.529751
2.353 115.900105
2.354 118.072750
2.355 116.655202
2.356 118.287898
2.357 117.779971
2.358 114.838059
2.359 117.016918
2.360 113.440201
2.361 114.536966
2.362 117.843957
2.363 113.323030
2.364 114.065252
2.365 113.898403
2.366 115.098461
2.367 116.257640
2.368 112.831962
2.369 113.044476
2.370 113.710123
2.371 110.550058
2.372 115.314154
2.373 111.979223
2.374 114.913966
2.375 113.546919
2.376 118.563357
2.377 111.972463
2.378 111.197903
2.379 110.288505
2.380 112.099579
2.381 111.708694
2.382 110.139022
2.383 109.163586
2.384 109.423366
2.385 108.444489
2.386 113.540045
2.387 111.571664
2.388 110.184118
2.389 114.944587
2.390 111.838518
2.391 111.648105
2.392 110.776689
2.393 111.766783
2.394 110.493177
2.395 111.381799
2.396 111.072027
2.397 114.190780
2.398 109.127209
2.399 110.834735
2.400 109.557103
2.401 111.342500
2.402 107.671232
2.403 110.060575
2.404 110.975545
2.405 111.237259
2.406 111.285947
2.407 111.150111
2.408 114.055401
2.409 113.933303
2.410 114.438008
2.411 114.535858
2.412 114.783961
2.413 117.448647
2.414 117.917498
2.415 114.062120
2.416 118.240890
2.417 117.887210
2.418 115.488891
2.419 117.872710
2.420 115.786316
2.421 116.336778
2.422 120.160864
2.423 120.053418
2.424 121.688271
2.425 119.960358
2.426 119.323125
2.427 121.861986
2.428 123.243044
2.429 122.762081
2.430 121.447199
2.431 126.408358
2.432 126.990250
2.433 126.591842
2.434 130.706705
2.435 133.358004
2.436 132.713051
2.437 136.937817
2.438 139.789741
2.439 140.575519
2.440 146.459684
2.441 152.564713
2.442 149.431468
2.443 155.946179
2.444 159.368486
2.445 166.606515
2.446 167.990699
2.447 177.126230
2.448 179.127887
2.449 187.484919
2.450 193.076900
2.451 194.005337
2.452 200.833634
2.453 199.179414
2.454 203.626624
2.455 207.755000
2.456 208.491600
2.457 205.131197
2.458 208.501911
2.459 201.628226
2.460 202.129864
2.461 199.331276
2.462 195.031180
2.463 191.121375
2.464 188.602286
2.465 183.633229
2.466 178.965201
2.467 176.991566
2.468 169.124447
2.469 165.543301
2.470 162.876649
2.471 156.992327
2.472 151.062893
2.473 149.113487
2.474 146.801961
2.475 136.689335
2.476 138.522587
2.477 133.903018
2.478 130.246381
2.479 125.837136
2.480 123.693812
2.481 123.992770
2.482 122.508256
2.483 118.542715
2.484 118.092753
2.485 116.726837
2.486 116.320296
2.487 115.427593
2.488 115.207039
2.489 113.139306
2.490 117.246114
2.491 114.190688
2.492 110.771077
2.493 110.959080
2.494 113.411319
2.495 112.030122
2.496 109.635441
2.497 108.863131
2.498 105.962431
2.499 107.690331
2.500 108.346912
2.501 106.323142
2.502 108.689042
2.503 107.408004
2.504 107.243043
2.505 100.873034
2.506 105.754824
2.507 107.393718
2.508 106.138109
2.509 104.829050
2.510 105.029978
2.511 106.609555
2.512 104.563423
2.513 104.764894
2.514 101.834009
2.515 105.314968
2.516 105.180381
2.517 106.797110
2.518 104.091748
2.519 108.637600
2.520 105.838565
2.521 108.284019
2.522 108.387743
2.523 108.564718
2.524 109.305445
2.525 107.987443
2.526 107.468007
2.527 108.223033
2.528 108.616246
2.529 108.355336
2.530 109.458840
2.531 109.381970
2.532 115.358310
2.533 113.317289
2.534 112.718183
2.535 117.579297
2.536 119.301179
2.537 116.374348
2.538 119.800070
2.539 122.960465
2.540 124.113698
2.541 122.093224
2.542 124.752427
2.543 127.225392
2.544 129.359363
2.545 130.679873
2.546 129.801515
2.547 131.319828
2.548 133.512437
2.549 132.840283
2.550 134.089043
2.551 126.854258
2.552 127.641803
2.553 125.504116
2.554 129.157579
2.555 124.639601
2.556 126.050153
2.557 123.146951
2.558 121.839785
2.559 120.330540
2.560 115.504323
2.561 116.082440
2.562 113.307489
2.563 112.633995
2.564 112.969188
2.565 111.801368
2.566 111.188582
2.567 106.098655
2.568 108.453372
2.569 103.815388
2.570 104.314453
2.571 105.099197
2.572 102.645519
2.573 100.518743
2.574 102.014849
2.575 106.045112
2.576 101.962065
2.577 100.312314
2.578 98.920925
2.579 102.811946
2.580 100.328653
2.581 96.272891
2.582 95.169344
2.583 95.747205
2.584 96.262066
2.585 94.557710
2.586 96.824452
2.587 97.634299
2.588 93.398362
2.589 91.392258
2.590 93.291645
2.591 95.472790
2.592 93.988057
2.593 92.534034
2.594 95.090838
2.595 92.830294
2.596 93.171936
2.597 93.815778
2.598 88.135543
2.599 89.615620
2.600 91.433850
2.601 90.608129
2.602 89.641377
2.603 93.157448
2.604 88.960315
2.605 90.952342
2.606 92.690098
2.607 93.074554
2.608 90.869982
2.609 92.253638
2.610 88.820183
2.611 87.064130
2.612 91.007233
2.613 89.677239
2.614 90.107452
2.615 89.913572
2.616 90.242698
2.617 88.626444
2.618 89.812757
2.619 87.721900
2.620 87.534172
2.621 90.419919
2.622 88.591354
2.623 87.238849
2.624 88.824588
2.625 88.055598
2.626 88.059743
2.627 89.707325
2.628 89.112837
2.629 85.993963
2.630 87.078088
2.631 89.262468
2.632 86.686449
2.633 88.182326
2.634 87.869372
2.635 86.373571
2.636 86.736620
2.637 85.221966
2.638 86.963211
2.639 87.073349
2.640 89.782237
2.641 85.928767
2.642 86.018773
2.643 89.204908
2.644 88.828600
2.645 85.386611
2.646 90.970772
2.647 86.985971
2.648 89.825134
2.649 87.292153
2.650 86.935164
2.651 85.713121
2.652 84.991269
2.653 87.985197
2.654 89.091207
2.655 86.400103
2.656 87.411120
2.657 87.466588
2.658 89.108938
2.659 85.929475
2.660 85.645430
2.661 87.246587
2.662 89.379709
2.663 88.875740
2.664 89.524311
2.665 86.793578
2.666 89.769642
2.667 90.115034
2.668 88.153508
2.669 89.174472
2.670 87.830780
2.671 91.062238
2.672 89.830285
2.673 91.574692
2.674 89.699844
2.675 91.562072
2.676 91.184364
2.677 94.608767
2.678 95.257501
2.679 93.198941
2.680 94.884086
2.681 95.561064
2.682 93.933318
2.683 94.894859
2.684 97.939761
2.685 97.197202
2.686 95.795648
2.687 99.486848
2.688 100.420267
2.689 99.545439
2.690 100.916937
2.691 101.277873
2.692 101.986874
2.693 102.566012
2.694 100.904791
2.695 99.941603
2.696 102.122859
2.697 98.932309
2.698 99.269689
2.699 99.090967
2.700 97.793259
2.701 95.208434
2.702 96.618012
2.703 93.687359
2.704 94.097364
2.705 91.044926
2.706 91.008123
2.707 89.533583
2.708 89.752469
2.709 87.957246
2.710 88.034767
2.711 83.723607
2.712 90.231007
2.713 87.792881
2.714 90.202010
2.715 87.304015
2.716 87.851765
2.717 88.926196
2.718 88.926426
2.719 83.732083
2.720 88.067394
2.721 86.599760
2.722 83.751553
2.723 84.917501
2.724 86.911798
2.725 84.774564
2.726 84.407768
2.727 82.562062
2.728 82.023478
2.729 83.270224
2.730 84.332940
2.731 84.792982
2.732 86.427126
2.733 84.905642
2.734 85.233894
2.735 82.932345
2.736 84.309236
2.737 85.965852
2.738 86.977003
2.739 87.228413
2.740 87.195240
2.741 85.153766
2.742 84.194568
2.743 84.518197
2.744 86.005913
2.745 89.035683
2.746 85.894967
2.747 87.880228
2.748 84.551377
2.749 87.328388
2.750 86.932565
2.751 89.612033
2.752 87.324202
2.753 90.286367
2.754 93.017304
2.755 92.208660
2.756 94.674244
2.757 97.965071
2.758 97.562223
2.759 95.564874
2.760 97.414890
2.761 99.445725
2.762 99.996208
2.763 103.860044
2.764 104.026820
2.765 104.237576
2.766 105.957070
2.767 104.222097
2.768 109.353555
2.769 105.076004
2.770 112.912399
2.771 114.494057
2.772 112.386548
2.773 111.772973
2.774 113.304888
2.775 114.354214
2.776 111.344042
2.777 111.410679
2.778 107.835990
2.779 110.023674
2.780 107.456299
2.781 107.235095
2.782 107.819217
2.783 105.682250
2.784 104.168948
2.785 103.478416
2.786 100.356785
2.787 98.162337
2.788 95.914298
2.789 100.513633
2.790 98.528426
2.791 93.096995
2.792 92.094548
2.793 93.467413
2.794 90.750889
2.795 89.109717
2.796 87.518575
2.797 91.422467
2.798 89.183403
2.799 88.476455
2.800 84.952134
2.801 87.185746
2.802 86.444943
2.803 84.830025
2.804 85.107654
2.805 84.797929
2.806 84.665515
2.807 80.730611
2.808 82.355762
2.809 82.201493
2.810 83.917338
2.811 84.364249
2.812 81.574574
2.813 79.587450
2.814 81.072572
2.815 82.221290
2.816 82.943930
2.817 82.966341
2.818 80.809626
2.819 80.026073
2.820 82.727428
2.821 75.924470
2.822 79.722036
2.823 82.866060
2.824 80.273043
2.825 81.883851
2.826 81.353452
2.827 77.939327
2.828 80.823087
2.829 82.601435
2.830 83.532596
2.831 80.140653
2.832 80.247794
2.833 82.576076
2.834 79.921234
2.835 82.750318
2.836 79.377609
2.837 84.325813
2.838 78.954334
2.839 80.736531
2.840 80.604118
2.841 80.427277
2.842 82.368245
2.843 79.583164
2.844 81.223833
2.845 82.505767
2.846 82.357127
2.847 80.615975
2.848 80.825253
2.849 81.611828
2.850 80.679616
2.851 79.909209
2.852 81.118177
2.853 82.041420
2.854 80.929606
2.855 83.007124
2.856 84.810364
2.857 81.374490
2.858 80.764365
2.859 83.347898
2.860 82.738411
2.861 85.345750
2.862 83.654962
2.863 85.284261
2.864 83.580282
2.865 84.848421
2.866 83.925832
2.867 85.131475
2.868 87.619272
2.869 86.246337
2.870 86.361333
2.871 87.454559
2.872 87.884789
2.873 89.446454
2.874 90.959607
2.875 91.805272
2.876 91.342930
2.877 90.166354
2.878 93.216183
2.879 90.614303
2.880 94.400210
2.881 95.324725
2.882 97.481797
2.883 100.516010
2.884 99.926256
2.885 97.108122
2.886 103.242323
2.887 104.678609
2.888 109.775103
2.889 109.213720
2.890 113.333903
2.891 115.608932
2.892 117.853868
2.893 121.370704
2.894 128.113481
2.895 132.110799
2.896 132.335916
2.897 139.072558
2.898 144.545577
2.899 148.876926
2.900 150.080265
2.901 153.426904
2.902 157.046968
2.903 154.530494
2.904 166.602170
2.905 164.812750
2.906 162.556454
2.907 168.798898
2.908 167.534437
2.909 169.184203
2.910 165.796127
2.911 167.397741
2.912 158.298327
2.913 157.244604
2.914 153.212356
2.915 147.838352
2.916 144.388136
2.917 142.553346
2.918 142.053378
2.919 136.812425
2.920 129.665414
2.921 127.332541
2.922 120.729685
2.923 117.990450
2.924 113.113221
2.925 113.788548
2.926 105.428043
2.927 107.373820
2.928 103.615523
2.929 100.459583
2.930 101.622012
2.931 94.940650
2.932 99.956322
2.933 96.627314
2.934 94.139342
2.935 94.619078
2.936 90.706426
2.937 86.784195
2.938 90.206152
2.939 89.294413
2.940 88.654614
2.941 86.299511
2.942 86.690231
2.943 85.319203
2.944 84.565990
2.945 85.753926
2.946 80.724840
2.947 83.869371
2.948 82.796822
2.949 85.630937
2.950 82.566024
2.951 79.310903
2.952 80.234288
2.953 83.999107
2.954 84.811568
2.955 84.752536
2.956 85.646561
2.957 87.440046
2.958 86.794759
2.959 85.571985
2.960 85.071443
2.961 84.484861
2.962 84.278570
2.963 88.409303
2.964 84.038691
2.965 85.730929
2.966 88.342825
2.967 89.119164
2.968 88.901574
2.969 88.409270
2.970 91.792117
2.971 89.302241
2.972 88.104959
2.973 95.300137
2.974 92.891093
2.975 93.551061
2.976 96.193000
2.977 98.256463
2.978 102.809909
2.979 100.358710
2.980 100.162254
2.981 98.509483
2.982 98.486218
2.983 101.833337
2.984 102.082714
2.985 101.914884
2.986 101.816150
2.987 98.418782
2.988 98.699438
2.989 97.934408
2.990 94.998094
2.991 96.308796
2.992 93.748082
2.993 91.577425
2.994 90.939385
2.995 88.881256
2.996 89.744280
2.997 87.805261
2.998 84.828354
2.999 82.869608
3.000 79.739570
3.001 82.884182
3.002 80.226901
3.003 78.401241
3.004 77.190537
3.005 78.856068
3.006 74.688863
3.007 75.966918
3.008 72.393040
3.009 73.678627
3.010 75.408194
3.011 73.839692
3.012 72.199698
3.013 70.442177
3.014 69.808450
3.015 70.927322
3.016 70.659591
3.017 71.297457
3.018 68.889277
3.019 70.088229
3.020 68.604138
3.021 71.363197
3.022 70.968030
3.023 68.780410
3.024 69.920080
3.025 67.348994
3.026 67.743765
3.027 69.302134
3.028 65.609609
3.029 66.171206
3.030 65.411567
3.031 64.042467
3.032 63.408739
3.033 64.487471
3.034 64.622613
3.035 64.318855
3.036 63.459186
3.037 63.557087
3.038 63.959174
3.039 65.229702
3.040 64.437663
3.041 63.160499
3.042 62.979819
3.043 64.256863
3.044 62.046969
3.045 62.015494
3.046 62.761423
3.047 65.529585
3.048 62.386574
3.049 63.041022
3.050 61.844001
3.051 63.068837
3.052 62.164287
3.053 63.913344
3.054 61.381839
3.055 62.237026
3.056 62.551109
3.057 60.984400
3.058 61.076373
3.059 61.808824
3.060 61.685450
3.061 61.302932
3.062 60.470995
3.063 62.752332
3.064 62.739706
3.065 61.593487
3.066 59.778938
3.067 59.467341
3.068 61.571918
3.069 62.274697
3.070 61.350465
3.071 60.443298
3.072 61.806902
3.073 62.325168
3.074 61.648306
3.075 59.463582
3.076 61.456432
3.077 59.798101
3.078 62.392082
3.079 60.638589
3.080 60.994822
3.081 58.047028
3.082 57.953844
3.083 59.716831
3.084 61.221579
3.085 58.877961
3.086 58.856268
3.087 58.529327
3.088 60.315092
3.089 60.037978
3.090 58.859355
3.091 60.980398
3.092 59.393357
3.093 60.748266
3.094 59.847508
3.095 59.764784
3.096 60.555268
3.097 59.662145
3.098 62.253264
3.099 60.908223
3.100 61.515238
3.101 59.284083
3.102 61.032537
3.103 59.177334
3.104 61.424085
3.105 62.060513
3.106 64.233560
3.107 61.500840
3.108 62.316610
3.109 61.049464
3.110 60.438029
3.111 59.129778
3.112 61.599802
3.113 61.518830
3.114 61.247293
3.115 63.016189
3.116 62.183600
3.117 60.359613
3.118 59.405029
3.119 60.165367
3.120 57.425377
3.121 57.552473
3.122 58.246159
3.123 59.502857
3.124 57.296250
3.125 57.246939
3.126 58.254583
3.127 58.516662
3.128 59.066679
3.129 57.593136
3.130 61.830637
3.131 59.029918
3.132 58.445484
3.133 57.975017
3.134 56.816162
3.135 57.860993
3.136 56.945099
3.137 55.900261
3.138 58.048052
3.139 57.477678
3.140 58.822632
3.141 55.067113
3.142 54.951925
3.143 57.130220
3.144 57.749118
3.145 55.841869
3.146 55.961173
3.147 56.252262
3.148 57.741720
3.149 56.132094
3.150 55.028815
3.151 55.649759
3.152 56.185926
3.153 58.931426
3.154 54.464112
3.155 58.921461
3.156 55.858394
3.157 58.479486
3.158 58.423435
3.159 59.183594
3.160 59.207535
3.161 57.510680
3.162 59.041631
3.163 58.891297
3.164 56.881982
3.165 59.264888
3.166 59.639735
3.167 59.502819
3.168 61.197529
3.169 60.059821
3.170 63.027974
3.171 61.577008
3.172 61.204056
3.173 61.175266
3.174 60.985142
3.175 61.362560
3.176 62.700547
3.177 63.975468
3.178 62.110925
3.179 62.956482
3.180 67.081606
3.181 62.228369
3.182 62.179883
3.183 62.980202
3.184 65.060541
3.185 62.455619
3.186 61.717312
3.187 62.138774
3.188 62.377420
3.189 61.893056
3.190 62.501798
3.191 60.950599
3.192 62.317178
3.193 61.198795
3.194 60.252943
3.195 60.139454
3.196 60.634787
3.197 59.390644
3.198 58.616335
3.199 58.487738
3.200 57.665655
3.201 57.520460
3.202 57.478235
3.203 60.521100
3.204 57.097621
3.205 57.483536
3.206 58.491789
3.207 57.904536
3.208 56.973809
3.209 57.386056
3.210 54.806990
3.211 57.323566
3.212 55.585829
3.213 54.332187
3.214 54.656360
3.215 55.798490
3.216 55.062217
3.217 55.722291
3.218 54.575375
3.219 54.246575
3.220 53.393206
3.221 54.236032
3.222 54.117752
3.223 56.625028
3.224 56.173856
3.225 54.308401
3.226 52.785349
3.227 54.783946
3.228 53.045432
3.229 54.379867
3.230 52.644964
3.231 52.897247
3.232 51.223428
3.233 53.227940
3.234 52.718384
3.235 54.869898
3.236 52.766399
3.237 53.775570
3.238 52.473730
3.239 55.228698
3.240 53.005265
3.241 53.110024
3.242 53.799081
3.243 52.627889
3.244 52.434230
3.245 52.556365
3.246 51.889362
3.247 55.098442
3.248 52.426714
3.249 54.717659
3.250 52.628902
3.251 54.408594
3.252 55.815924
3.253 51.789815
3.254 53.624415
3.255 53.502205
3.256 53.986394
3.257 55.600076
3.258 54.958571
3.259 54.618011
3.260 53.532920
3.261 53.538674
3.262 52.250590
3.263 55.147854
3.264 55.323408
3.265 53.616811
3.266 55.791889
3.267 55.284091
3.268 55.098401
3.269 55.074000
3.270 55.622365
3.271 53.248661
3.272 56.332542
3.273 56.962851
3.274 57.583026
3.275 56.303648
3.276 57.779392
3.277 59.064627
3.278 59.371111
3.279 57.663199
3.280 61.971339
3.281 61.703529
3.282 62.433115
3.283 62.134231
3.284 64.823154
3.285 66.743887
3.286 64.930078
3.287 66.190186
3.288 69.234001
3.289 70.112655
3.290 72.105257
3.291 70.370279
3.292 70.039330
3.293 71.208977
3.294 72.080288
3.295 73.628526
3.296 71.652893
3.297 70.993078
3.298 72.450856
3.299 72.482004
3.300 70.183965
3.301 70.544310
3.302 69.810286
3.303 68.844500
3.304 67.249174
3.305 66.828994
3.306 65.099495
3.307 67.193391
3.308 65.292774
3.309 62.652647
3.310 62.458324
3.311 65.010024
3.312 59.807709
3.313 60.701141
3.314 59.272506
3.315 59.202268
3.316 55.855836
3.317 56.842383
3.318 57.671185
3.319 54.678686
3.320 56.929591
3.321 54.466695
3.322 54.220251
3.323 56.588919
3.324 55.712845
3.325 56.151473
3.326 53.678059
3.327 55.289200
3.328 52.556426
3.329 53.253299
3.330 53.351338
3.331 53.462330
3.332 54.455063
3.333 54.799261
3.334 53.934480
3.335 56.528203
3.336 53.468386
3.337 54.816322
3.338 54.625113
3.339 52.766202
3.340 54.410676
3.341 53.903462
3.342 54.727517
3.343 54.005319
3.344 55.080872
3.345 56.007972
3.346 53.741588
3.347 54.289913
3.348 54.957579
3.349 56.381511
3.350 57.526049
3.351 55.407207
3.352 54.447787
3.353 56.354211
3.354 57.955734
3.355 57.150497
3.356 56.877108
3.357 59.017406
3.358 58.933859
3.359 58.027462
3.360 59.524980
3.361 59.703202
3.362 59.288955
3.363 59.632865
3.364 59.532235
3.365 60.342178
3.366 57.305797
3.367 57.586492
3.368 59.221061
3.369 59.372919
3.370 57.259500
3.371 56.282396
3.372 56.444798
3.373 53.930427
3.374 56.840807
3.375 56.375098
3.376 55.833041
3.377 54.603087
3.378 55.193732
3.379 52.909489
3.380 55.325400
3.381 53.413077
3.382 52.013574
3.383 52.734428
3.384 52.399026
3.385 51.786595
3.386 52.069805
3.387 50.868449
3.388 51.269434
3.389 51.942395
3.390 51.604817
3.391 50.436556
3.392 49.023163
3.393 49.910174
3.394 49.874276
3.395 51.613246
3.396 49.257578
3.397 50.159145
3.398 50.861083
3.399 49.734833
3.400 47.056107
3.401 49.206640
3.402 48.089095
3.403 46.889017
3.404 47.530240
3.405 46.894160
3.406 47.202330
3.407 46.513006
3.408 47.907548
3.409 46.086820
3.410 48.134714
3.411 45.847820
3.412 46.870976
3.413 47.427428
3.414 46.117179
3.415 46.065641
3.416 46.498984
3.417 48.419362
3.418 45.903959
3.419 49.083419
3.420 47.205636
3.421 47.425885
3.422 46.857492
3.423 45.029913
3.424 45.529401
3.425 47.072824
3.426 46.445912
3.427 47.234124
3.428 46.638262
3.429 46.800660
3.430 45.107658
3.431 47.395080
3.432 46.540748
3.433 49.220773
3.434 47.704293
3.435 46.464888
3.436 48.192927
3.437 46.861520
3.438 46.561842
3.439 46.605932
3.440 47.825263
3.441 46.856095
3.442 45.257889
3.443 48.525689
3.444 46.745763
3.445 49.354059
3.446 47.278176
3.447 47.765702
3.448 48.276076
3.449 48.633194
3.450 47.537592
3.451 48.784668
3.452 47.677865
3.453 48.921755
3.454 47.290026
3.455 48.356052
3.456 49.492073
3.457 48.979792
3.458 50.742037
3.459 50.930094
3.460 52.413859
3.461 50.406102
3.462 52.713324
3.463 52.282674
3.464 53.548617
3.465 53.712466
3.466 53.844791
3.467 53.423616
3.468 54.650035
3.469 54.019374
3.470 51.931730
3.471 53.958588
3.472 54.907055
3.473 57.536003
3.474 57.126102
3.475 55.100305
3.476 53.753285
3.477 55.231743
3.478 53.459477
3.479 54.071724
3.480 54.652462
3.481 53.499910
3.482 53.872614
3.483 53.413800
3.484 51.549504
3.485 52.793757
3.486 52.646532
3.487 48.823360
3.488 50.188914
3.489 49.930107
3.490 48.878442
3.491 50.149603
3.492 47.141196
3.493 48.716763
3.494 46.639703
3.495 46.352071
3.496 46.005171
3.497 48.273457
3.498 46.083184
3.499 46.320956
3.500 46.062095
3.501 44.550707
3.502 46.604329
3.503 45.655474
3.504 46.684364
3.505 46.546979
3.506 46.981693
3.507 47.702395
3.508 47.480452
3.509 44.471151
3.510 45.743606
3.511 45.479445
3.512 46.559909
3.513 45.180548
3.514 46.554005
3.515 46.286841
3.516 47.198874
3.517 46.387435
3.518 46.051345
3.519 47.651268
3.520 47.594595
3.521 49.149956
3.522 49.304261
3.523 48.532026
3.524 51.037387
3.525 47.726764
3.526 49.386857
3.527 48.870815
3.528 51.097975
3.529 50.790210
3.530 53.387437
3.531 51.510985
3.532 51.231803
3.533 51.518625
3.534 53.517626
3.535 53.460059
3.536 51.240024
3.537 51.608530
3.538 52.997062
3.539 51.990585
3.540 52.275373
3.541 53.098308
3.542 51.852323
3.543 53.910875
3.544 51.370149
3.545 52.991576
3.546 48.528971
3.547 51.552891
3.548 49.889865
3.549 48.911955
3.550 49.181280
3.551 49.366806
3.552 48.299429
3.553 49.152554
3.554 48.456167
3.555 47.037703
3.556 47.109535
3.557 45.819014
3.558 48.847211
3.559 46.396283
3.560 48.413253
3.561 45.021166
3.562 45.686290
3.563 45.684315
3.564 44.909902
3.565 42.847107
3.566 44.034623
3.567 43.693938
3.568 45.211130
3.569 43.515853
3.570 43.275877
3.571 41.877585
3.572 41.463377
3.573 44.557784
3.574 42.986354
3.575 42.394441
3.576 43.083991
3.577 43.428058
3.578 42.712534
3.579 41.421960
3.580 43.259347
3.581 40.825652
3.582 40.336094
3.583 42.807520
3.584 40.679053
3.585 40.363472
3.586 39.357167
3.587 41.509235
3.588 41.886544
3.589 40.945845
3.590 42.481903
3.591 40.933273
3.592 40.665532
3.593 41.066450
3.594 41.238586
3.595 40.149808
3.596 40.041644
3.597 40.029249
3.598 41.839593
3.599 40.582971
3.600 40.837282
3.601 41.296018
3.602 41.787302
3.603 41.082211
3.604 39.813413
3.605 40.087171
3.606 41.476361
3.607 40.546278
3.608 41.095053
3.609 41.634732
3.610 41.069314
3.611 42.636816
3.612 39.862311
3.613 40.234188
3.614 42.916391
3.615 41.235101
3.616 41.373896
3.617 41.892442
3.618 43.554743
3.619 42.319640
3.620 39.991714
3.621 42.369699
3.622 43.135628
3.623 41.883786
3.624 43.567500
3.625 42.465712
3.626 45.553069
3.627 44.672567
3.628 44.224751
3.629 45.228602
3.630 44.398439
3.631 44.276979
3.632 45.719484
3.633 44.362041
3.634 47.414595
3.635 48.148807
3.636 49.135036
3.637 49.123626
3.638 47.050395
3.639 48.831391
3.640 48.185962
3.641 46.692038
3.642 47.429649
3.643 48.917214
3.644 49.563338
3.645 46.922158
3.646 47.090999
3.647 47.333926
3.648 47.644906
3.649 45.802066
3.650 46.954360
3.651 45.987654
3.652 45.196505
3.653 45.682482
3.654 44.065378
3.655 46.616008
3.656 45.488254
3.657 43.837297
3.658 42.757671
3.659 43.394240
3.660 44.562523
3.661 40.729431
3.662 42.065470
3.663 42.657373
3.664 42.008813
3.665 42.119375
3.666 39.646495
3.667 39.753134
3.668 40.095840
3.669 39.773899
3.670 41.355378
3.671 40.636352
3.672 40.161776
3.673 38.044902
3.674 39.993810
3.675 38.575912
3.676 39.067273
3.677 38.808369
3.678 39.075366
3.679 39.348196
3.680 38.242902
3.681 41.594257
3.682 39.665507
3.683 41.129114
3.684 38.752560
3.685 41.444082
3.686 38.447743
3.687 39.916717
3.688 40.235428
3.689 40.630715
3.690 38.998267
3.691 39.185089
3.692 39.954465
3.693 38.810924
3.694 38.467078
3.695 39.056486
3.696 41.203937
3.697 39.949048
3.698 38.829377
3.699 40.537501
3.700 40.151557
3.701 41.267532
3.702 39.481876
3.703 42.260782
3.704 40.403269
3.705 41.852564
3.706 42.362980
3.707 40.353615
3.708 41.772619
3.709 42.227885
3.710 40.484838
3.711 38.362749
3.712 40.614341
3.713 41.221516
3.714 39.452561
3.715 36.873243
3.716 38.852795
3.717 37.465238
3.718 39.872007
3.719 38.636732
3.720 37.673755
3.721 37.752011
3.722 38.902444
3.723 37.993976
3.724 37.361697
3.725 36.559806
3.726 38.089355
3.727 37.640352
3.728 37.386853
3.729 37.020039
3.730 35.994194
3.731 36.941153
3.732 35.917755
3.733 37.631177
3.734 37.010518
3.735 34.105773
3.736 36.047955
3.737 36.858602
3.738 36.763147
3.739 34.933455
3.740 36.806955
3.741 35.640800
3.742 37.366084
3.743 34.868173
3.744 36.789874
3.745 35.243478
3.746 36.417907
3.747 33.119357
3.748 37.155198
3.749 35.316203
3.750 35.932958
3.751 35.206475
3.752 35.000511
3.753 35.655929
3.754 35.719936
3.755 35.931277
3.756 35.050657
3.757 35.759410
3.758 34.136947
3.759 35.249596
3.760 33.321257
3.761 35.730378
3.762 35.627472
3.763 35.623221
3.764 35.063458
3.765 37.386687
3.766 34.136884
3.767 35.207609
3.768 34.813544
3.769 34.859577
3.770 34.292247
3.771 34.362105
3.772 36.110055
3.773 35.615481
3.774 36.649028
3.775 36.766060
3.776 37.706333
3.777 36.620982
3.778 35.446950
3.779 35.977655
3.780 36.012658
3.781 37.613439
3.782 37.574244
3.783 36.821434
3.784 37.110076
3.785 38.154571
3.786 36.629341
3.787 37.443498
3.788 36.658583
3.789 38.330518
3.790 36.857535
3.791 37.731771
3.792 37.224466
3.793 39.130935
3.794 39.645401
3.795 37.861739
3.796 39.291831
3.797 38.431900
3.798 37.278269
3.799 39.285065
3.800 40.676063
3.801 39.300000
3.802 39.781072
3.803 39.998337
3.804 40.293592
3.805 39.394075
3.806 37.784330
3.807 38.894407
3.808 39.290563
3.809 40.991547
3.810 40.705381
3.811 37.822281
3.812 38.236837
3.813 39.337308
3.814 38.209755
3.815 38.480820
3.816 37.943562
3.817 37.457277
3.818 38.091918
3.819 38.314008
3.820 37.835140
3.821 37.927259
3.822 37.883060
3.823 38.212472
3.824 37.974940
3.825 36.348846
3.826 37.117713
3.827 36.139997
3.828 38.508232
3.829 35.337428
3.830 37.570560
3.831 35.828062
3.832 34.954078
3.833 36.536423
3.834 36.644338
3.835 36.369310
3.836 36.879768
3.837 37.163172
3.838 36.705438
3.839 35.696543
3.840 37.068154
3.841 37.867841
3.842 37.010238
3.843 36.215795
3.844 36.995533
3.845 37.640354
3.846 37.137152
3.847 36.446518
3.848 37.523574
3.849 36.551756
3.850 38.220367
3.851 40.576433
3.852 39.823671
3.853 38.176491
3.854 37.637891
3.855 37.926319
3.856 37.272955
3.857 39.597000
3.858 39.706919
3.859 40.371129
3.860 40.703724
3.861 42.599267
3.862 39.190426
3.863 41.294513
3.864 39.551391
3.865 39.015964
3.866 38.956919
3.867 37.701146
3.868 38.968022
3.869 41.591376
3.870 40.491013
3.871 39.662367
3.872 39.752315
3.873 37.484057
3.874 38.359335
3.875 38.503790
3.876 36.623041
3.877 37.218089
3.878 36.854724
3.879 37.119030
3.880 37.914422
3.881 35.813337
3.882 36.269582
3.883 35.483262
3.884 35.644141
3.885 34.995231
3.886 37.310326
3.887 35.912842
3.888 36.182149
3.889 36.250848
3.890 36.587276
3.891 36.331341
3.892 36.154916
3.893 36.595865
3.894 34.680167
3.895 36.362149
3.896 36.791680
3.897 35.697288
3.898 34.224095
3.899 34.700423
3.900 34.857527
3.901 34.911374
3.902 35.249648
3.903 37.231927
3.904 35.553173
3.905 34.730518
3.906 34.376077
3.907 34.274999
3.908 35.091329
3.909 34.133930
3.910 34.438085
3.911 34.869817
3.912 35.856250
3.913 35.857029
3.914 33.821096
3.915 34.676526
3.916 34.323665
3.917 34.993339
3.918 34.393522
3.919 34.120358
3.920 34.187756
3.921 35.988757
3.922 36.149891
3.923 36.445777
3.924 35.694461
3.925 35.696735
3.926 35.007745
3.927 34.633962
3.928 35.319761
3.929 35.330739
3.930 36.424613
3.931 35.719038
3.932 37.073759
3.933 35.641470
3.934 36.762320
3.935 36.574701
3.936 37.010322
3.937 36.187401
3.938 36.791107
3.939 38.747584
3.940 39.413758
3.941 38.126838
3.942 39.353283
3.943 37.875503
3.944 38.773951
3.945 41.251739
3.946 40.079458
3.947 39.951901
3.948 42.267306
3.949 43.556030
3.950 43.474297
3.951 43.827169
3.952 44.272923
3.953 42.690597
3.954 43.580759
3.955 44.725978
3.956 47.104821
3.957 45.406336
3.958 44.851434
3.959 46.976648
3.960 45.901456
3.961 46.262448
3.962 47.230855
3.963 46.619006
3.964 47.303100
3.965 43.921798
3.966 44.399267
3.967 45.295779
3.968 44.698730
3.969 43.220318
3.970 41.822180
3.971 43.027335
3.972 43.154101
3.973 42.024731
3.974 40.866722
3.975 40.855511
3.976 40.527711
3.977 39.520507
3.978 39.668211
3.979 39.145371
3.980 38.530242
3.981 38.373431
3.982 37.128460
3.983 37.499014
3.984 36.977328
3.985 35.351482
3.986 35.231276
3.987 36.721593
3.988 34.442494
3.989 33.843662
3.990 34.892134
3.991 35.687884
3.992 33.290985
3.993 36.518030
3.994 34.560381
3.995 34.379680
3.996 34.611655
3.997 34.233397
3.998 34.848146
3.999 35.188247
4.000 36.744749
4.001 36.427110
4.002 36.944413
4.003 35.254640
4.004 35.039037
4.005 35.013586
4.006 34.278890
4.007 35.651897
4.008 33.976190
4.009 34.751070
4.010 38.542654
4.011 35.311786
4.012 35.393395
4.013 35.099611
4.014 34.420284
4.015 36.899105
4.016 36.285326
4.017 36.183955
4.018 35.119238
4.019 35.372867
4.020 35.913191
4.021 35.871126
4.022 35.920455
4.023 34.497578
4.024 35.763465
4.025 34.658408
4.026 34.954762
4.027 35.136814
4.028 33.687513
4.029 33.338710
4.030 34.242166
4.031 33.451042
4.032 32.933930
4.033 31.405816
4.034 34.038023
4.035 33.212866
4.036 31.850124
4.037 32.906253
4.038 31.837361
4.039 33.875651
4.040 30.593429
4.041 34.507143
4.042 33.800413
4.043 29.795612
4.044 31.335319
4.045 31.239368
4.046 32.462548
4.047 30.147140
4.048 31.227717
4.049 30.049802
4.050 31.315850
4.051 29.382251
4.052 29.693636
4.053 31.062676
4.054 30.341366
4.055 31.228784
4.056 30.323445
4.057 29.586588
4.058 29.673214
4.059 29.894089
4.060 30.416557
4.061 29.848445
4.062 29.510914
4.063 29.721150
4.064 30.133310
4.065 29.321407
4.066 30.513769
4.067 29.977893
4.068 29.652494
4.069 28.966052
4.070 27.788844
4.071 31.014791
4.072 31.528734
4.073 28.439927
4.074 27.680746
4.075 28.790792
4.076 30.747786
4.077 30.409442
4.078 29.558935
4.079 28.971850
4.080 30.314926
4.081 29.543479
4.082 30.398222
4.083 29.240469
4.084 29.886102
4.085 29.883298
4.086 29.332368
4.087 29.338592
4.088 29.490210
4.089 28.000468
4.090 28.269770
4.091 28.401634
4.092 29.350640
4.093 28.933396
4.094 28.105481
4.095 29.583977
4.096 29.235622
4.097 30.154495
4.098 28.352158
4.099 28.717557
4.100 29.673918
4.101 29.471378
4.102 27.739314
4.103 29.500335
4.104 28.508654
4.105 30.555970
4.106 28.807868
4.107 29.471243
4.108 29.814440
4.109 27.512075
4.110 29.303058
4.111 31.242349
4.112 28.305446
4.113 28.823259
4.114 28.675141
4.115 28.685808
4.116 27.689173
4.117 28.983289
4.118 28.872267
4.119 29.879703
4.120 27.446273
4.121 28.357498
4.122 28.020006
4.123 27.918359
4.124 29.139007
4.125 29.280675
4.126 29.581652
4.127 29.185785
4.128 28.157400
4.129 29.004430
4.130 28.703560
4.131 28.557015
4.132 29.455131
4.133 28.732514
4.134 28.787449
4.135 28.244376
4.136 29.447842
4.137 28.867278
4.138 28.467622
4.139 28.283094
4.140 29.153722
4.141 28.741173
4.142 29.710441
4.143 29.251122
4.144 28.436269
4.145 28.884921
4.146 28.740553
4.147 30.717084
4.148 30.334643
4.149 29.577007
4.150 28.499834
4.151 28.954938
4.152 29.175109
4.153 29.117748
4.154 30.301948
4.155 29.619401
4.156 28.476832
4.157 30.028826
4.158 29.593552
4.159 30.348678
4.160 30.736790
4.161 30.471831
4.162 30.294928
4.163 30.772044
4.164 30.978930
4.165 31.541916
4.166 30.817536
4.167 31.195190
4.168 30.626419
4.169 30.610958
4.170 28.093516
4.171 29.180112
4.172 30.113961
4.173 28.396099
4.174 29.857221
4.175 28.789417
4.176 30.201612
4.177 29.356914
4.178 28.917122
4.179 28.209733
4.180 29.468642
4.181 29.183332
4.182 27.750778
4.183 28.513762
4.184 28.293031
4.185 30.152345
4.186 27.322940
4.187 28.394381
4.188 27.565076
4.189 27.332411
4.190 30.366792
4.191 29.157341
4.192 28.659520
4.193 27.719728
4.194 29.392787
4.195 29.636385
4.196 27.975340
4.197 27.664663
4.198 29.614957
4.199 27.980174
4.200 28.485275
4.201 28.641632
4.202 28.873232
4.203 27.923137
4.204 28.234787
4.205 26.772524
4.206 27.227205
4.207 27.482006
4.208 26.571134
4.209 27.606493
4.210 27.738548
4.211 27.874780
4.212 28.701815
4.213 28.377652
4.214 27.842251
4.215 26.927964
4.216 27.757933
4.217 27.382541
4.218 27.471981
4.219 27.081157
4.220 28.919542
4.221 27.095921
4.222 28.058648
4.223 28.375617
4.224 28.060518
4.225 28.854096
4.226 28.647673
4.227 28.052560
4.228 27.400778
4.229 29.709563
4.230 27.738659
4.231 28.930493
4.232 28.692999
4.233 29.528613
4.234 28.374446
4.235 29.725609
4.236 30.198452
4.237 30.944600
4.238 31.395674
4.239 28.725842
4.240 30.360726
4.241 30.312901
4.242 30.673757
4.243 30.425878
4.244 31.080610
4.245 30.843419
4.246 31.137417
4.247 31.484869
4.248 31.803667
4.249 30.136856
4.250 31.362627
4.251 30.526041
4.252 30.987989
4.253 31.533805
4.254 31.243931
4.255 31.874865
4.256 31.124231
4.257 30.793840
4.258 30.333388
4.259 30.112067
4.260 30.727825
4.261 31.427205
4.262 29.617973
4.263 29.664054
4.264 29.295600
4.265 30.670139
4.266 29.961936
4.267 30.047600
4.268 28.801919
4.269 29.392375
4.270 28.484763
4.271 28.658424
4.272 30.259071
4.273 28.551555
4.274 26.870797
4.275 28.126737
4.276 28.160020
4.277 27.532627
4.278 27.887929
4.279 28.249485
4.280 27.341471
4.281 28.794802
4.282 27.672892
4.283 28.284476
4.284 28.745988
4.285 28.588677
4.286 28.516220
4.287 26.760012
4.288 29.018195
4.289 26.509808
4.290 25.818932
4.291 29.698898
4.292 28.579492
4.293 27.124322
4.294 27.794834
4.295 27.473769
4.296 26.464450
4.297 27.679631
4.298 28.089267
4.299 28.177845
4.300 28.336872
4.301 27.359748
4.302 27.901908
4.303 26.900572
4.304 27.279076
4.305 27.847852
4.306 25.967201
4.307 27.115557
4.308 28.724832
4.309 27.061180
4.310 27.022912
4.311 26.784912
4.312 27.718499
4.313 26.963171
4.314 29.177128
4.315 26.676186
4.316 26.976940
4.317 26.097236
4.318 25.046267
4.319 26.525344
4.320 26.785379
4.321 26.404695
4.322 25.884751
4.323 27.103312
4.324 27.307706
4.325 27.292813
4.326 26.904399
4.327 26.106490
4.328 25.342867
4.329 25.571509
4.330 24.362703
4.331 25.641696
4.332 24.453236
4.333 24.447059
4.334 26.613492
4.335 24.676953
4.336 26.765644
4.337 24.936410
4.338 25.284028
4.339 24.018728
4.340 25.175811
4.341 25.483842
4.342 25.092087
4.343 24.583606
4.344 26.024718
4.345 24.425386
4.346 26.304916
4.347 25.215026
4.348 26.373988
4.349 24.813938
4.350 25.611790
4.351 24.940619
4.352 25.974445
4.353 24.536150
4.354 24.736772
4.355 24.512312
4.356 24.364096
4.357 26.315640
4.358 25.641878
4.359 25.492765
4.360 25.208100
4.361 25.269619
4.362 24.448673
4.363 23.686567
4.364 25.054744
4.365 26.826970
4.366 25.538517
4.367 25.373758
4.368 24.579351
4.369 25.559140
4.370 24.320157
4.371 25.150189
4.372 24.638684
4.373 24.291901
4.374 26.110856
4.375 25.477694
4.376 25.462426
4.377 24.176593
4.378 25.194887
4.379 25.085325
4.380 23.664073
4.381 26.391077
4.382 24.777771
4.383 25.503274
4.384 26.346415
4.385 25.604332
4.386 24.918270
4.387 26.307588
4.388 24.753176
4.389 25.176948
4.390 27.134088
4.391 24.145239
4.392 26.813588
4.393 24.344604
4.394 25.423634
4.395 26.158911
4.396 26.105127
4.397 24.301793
4.398 25.627729
4.399 24.209646
4.400 25.296653
4.401 24.585957
4.402 24.095510
4.403 25.713620
4.404 25.172159
4.405 26.539591
4.406 24.268227
4.407 24.642849
4.408 25.048760
4.409 23.902702
4.410 26.600750
4.411 24.874093
4.412 24.965425
4.413 25.016870
4.414 24.855788
4.415 26.109633
4.416 26.332699
4.417 25.267050
4.418 25.125574
4.419 25.426136
4.420 25.039076
4.421 26.691282
4.422 26.828842
4.423 25.803369
4.424 26.420916
4.425 25.921827
4.426 26.269313
4.427 28.202201
4.428 25.774798
4.429 25.458021
4.430 26.990275
4.431 27.477496
4.432 28.511357
4.433 28.034811
4.434 28.043064
4.435 26.856263
4.436 28.136965
4.437 28.003365
4.438 27.300233
4.439 27.590984
4.440 28.451765
4.441 27.706263
4.442 27.854245
4.443 28.933267
4.444 27.635129
4.445 28.391500
4.446 27.495985
4.447 28.418286
4.448 26.844726
4.449 28.259938
4.450 27.415950
4.451 27.042209
4.452 25.828308
4.453 26.625256
4.454 26.403157
4.455 26.701639
4.456 25.322106
4.457 25.577872
4.458 26.378377
4.459 26.290284
4.460 25.266093
4.461 26.840631
4.462 27.046722
4.463 26.543649
4.464 25.879882
4.465 25.805473
4.466 24.444385
4.467 26.623055
4.468 25.271784
4.469 23.916674
4.470 23.920868
4.471 25.113283
4.472 24.834532
4.473 24.504908
4.474 24.701626
4.475 24.500518
4.476 25.079476
4.477 23.835155
4.478 25.918141
4.479 25.825225
4.480 25.401793
4.481 24.519729
4.482 24.462476
4.483 24.548727
4.484 24.885348
4.485 24.834740
4.486 23.963853
4.487 24.722387
4.488 24.446437
4.489 24.299770
4.490 24.776412
4.491 24.295934
4.492 25.933501
4.493 23.756966
4.494 25.043443
4.495 23.991506
4.496 25.051547
4.497 23.468615
4.498 25.303308
4.499 25.343690
4.500 24.529110
4.501 24.211269
4.502 24.390393
4.503 25.722256
4.504 26.482329
4.505 25.759053
4.506 25.255177
4.507 25.796357
4.508 26.948440
4.509 26.058711
4.510 26.006170
4.511 26.016165
4.512 25.109929
4.513 26.378686
4.514 27.477326
4.515 26.293290
4.516 26.897041
4.517 26.962885
4.518 26.869329
4.519 27.319411
4.520 27.443058
4.521 27.518417
4.522 26.454613
4.523 27.621930
4.524 28.769994
4.525 27.365386
4.526 27.322373
4.527 28.061475
4.528 27.283342
4.529 27.096238
4.530 27.287832
4.531 26.207523
4.532 26.222083
4.533 25.811138
4.534 25.498812
4.535 25.432087
4.536 26.538642
4.537 26.238221
4.538 25.777412
4.539 25.443036
4.540 25.543534
4.541 25.527689
4.542 26.257950
4.543 25.396810
4.544 25.858528
4.545 25.775700
4.546 24.395825
4.547 24.937811
4.548 24.367540
4.549 25.556934
4.550 24.842914
4.551 24.991323
4.552 24.504004
4.553 24.321187
4.554 24.357934
4.555 25.383698
4.556 24.132193
4.557 24.167752
4.558 24.701908
4.559 25.121361
4.560 24.988148
4.561 23.600350
4.562 24.655816
4.563 24.998172
4.564 24.354919
4.565 24.536256
4.566 26.237279
4.567 24.444907
4.568 25.351387
4.569 25.955951
4.570 25.642486
4.571 24.850476
4.572 24.110692
4.573 24.270779
4.574 25.191046
4.575 24.577494
4.576 24.654563
4.577 25.978917
4.578 25.281509
4.579 25.281719
4.580 23.517177
4.581 24.311466
4.582 24.533050
4.583 25.489735
4.584 25.302131
4.585 23.679302
4.586 24.578740
4.587 23.803416
4.588 22.755297
4.589 24.370361
4.590 23.698505
4.591 23.855536
4.592 23.286943
4.593 24.806939
4.594 23.072793
4.595 23.180708
4.596 23.045455
4.597 23.315020
4.598 23.926962
4.599 24.312201
4.600 24.970804
4.601 22.869626
4.602 23.350098
4.603 23.780680
4.604 22.876387
4.605 23.511738
4.606 24.069560
4.607 23.204372
4.608 23.353176
4.609 24.370932
4.610 23.175329
4.611 23.747967
4.612 23.812985
4.613 23.325544
4.614 23.056749
4.615 24.026675
4.616 24.301992
4.617 23.167490
4.618 23.315311
4.619 24.478727
4.620 22.707038
4.621 23.090246
4.622 22.878944
4.623 23.356167
4.624 23.359385
4.625 23.223158
4.626 22.422224
4.627 24.220989
4.628 24.106463
4.629 22.700149
4.630 24.764049
4.631 23.159206
4.632 23.343430
4.633 24.074258
4.634 23.156651
4.635 22.641744
4.636 23.943720
4.637 22.807260
4.638 23.939510
4.639 23.791953
4.640 24.017527
4.641 23.912041
4.642 23.397309
4.643 23.495117
4.644 24.125667
4.645 23.832462
4.646 24.806278
4.647 24.212470
4.648 23.589078
4.649 23.891086
4.650 25.207407
4.651 23.947906
4.652 24.678036
4.653 24.614541
4.654 24.257671
4.655 23.679291
4.656 24.131303
4.657 23.939966
4.658 23.936896
4.659 24.688207
4.660 23.999723
4.661 24.330758
4.662 24.066570
4.663 24.201481
4.664 22.345327
4.665 23.793026
4.666 23.911096
4.667 24.189801
4.668 23.080674
4.669 23.250625
4.670 23.441991
4.671 24.615354
4.672 23.244567
4.673 22.476729
4.674 23.793939
4.675 24.460022
4.676 22.323631
4.677 23.270357
4.678 23.088637
4.679 23.210887
4.680 21.363748
4.681 23.011665
4.682 23.186006
4.683 22.914250
4.684 23.500030
4.685 23.272486
4.686 22.940428
4.687 22.566028
4.688 22.319839
4.689 24.394330
4.690 22.783445
4.691 22.856092
4.692 23.862926
4.693 22.641813
4.694 22.875231
4.695 23.043103
4.696 23.121094
4.697 24.098802
4.698 23.202278
4.699 23.464447
4.700 23.572484
4.701 22.658078
4.702 23.040179
4.703 22.885494
4.704 22.994763
4.705 23.279320
4.706 22.881535
4.707 23.741410
4.708 23.032290
4.709 22.400452
4.710 22.256297
4.711 22.435283
4.712 22.777578
4.713 22.013124
4.714 22.093839
4.715 22.494203
4.716 22.471255
4.717 21.927233
4.718 22.963893
4.719 22.434644
4.720 22.591341
4.721 21.914330
4.722 21.751182
4.723 22.318065
4.724 23.033323
4.725 22.097707
4.726 22.762425
4.727 21.451613
4.728 22.449111
4.729 22.079884
4.730 22.973758
4.731 22.002076
4.732 21.666839
4.733 23.109118
4.734 22.925508
4.735 22.224596
4.736 21.963972
4.737 22.103365
4.738 21.068669
4.739 22.754838
4.740 21.768245
4.741 23.122301
4.742 21.029688
4.743 22.867940
4.744 21.968229
4.745 21.246897
4.746 22.929737
4.747 21.850318
4.748 22.700662
4.749 22.539188
4.750 23.448318
4.751 22.049301
4.752 22.876240
4.753 22.587705
4.754 22.312157
4.755 22.951367
4.756 21.912588
4.757 21.922721
4.758 22.673284
4.759 22.241352
4.760 22.722864
4.761 23.533449
4.762 23.015034
4.763 23.222027
4.764 23.279875
4.765 23.222320
4.766 24.178912
4.767 22.750035
4.768 24.196577
4.769 22.904225
4.770 24.000797
4.771 23.928872
4.772 24.676555
4.773 24.263368
4.774 24.563867
4.775 24.948565
4.776 25.177494
4.777 23.734985
4.778 24.060574
4.779 23.895654
4.780 23.331220
4.781 24.373540
4.782 25.139020
4.783 23.339213
4.784 25.059393
4.785 24.522906
4.786 24.064211
4.787 23.677090
4.788 24.235283
4.789 24.786138
4.790 22.904028
4.791 24.671735
4.792 24.108917
4.793 23.054104
4.794 23.571887
4.795 22.901382
4.796 23.570002
4.797 23.426982
4.798 22.972434
4.799 22.334382
4.800 23.192871
4.801 21.707729
4.802 22.634830
4.803 20.809281
4.804 23.367277
4.805 22.613753
4.806 22.887384
4.807 22.163431
4.808 23.312965
4.809 23.335930
4.810 24.026587
4.811 21.500564
4.812 23.124763
4.813 22.230851
4.814 23.939492
4.815 23.131842
4.816 20.847388
4.817 21.821688
4.818 22.503914
4.819 22.874490
4.820 22.237261
4.821 22.883167
4.822 23.341902
4.823 23.155278
4.824 23.341576
4.825 22.560722
4.826 22.698446
4.827 22.224644
4.828 21.567852
4.829 22.552954
4.830 22.289037
4.831 21.582801
4.832 21.920808
4.833 21.549436
4.834 23.235517
4.835 21.910998
4.836 22.648599
4.837 21.752342
4.838 22.748721
4.839 21.253288
4.840 21.008777
4.841 21.664340
4.842 22.902386
4.843 22.146932
4.844 21.247191
4.845 21.104153
4.846 21.499743
4.847 21.138218
4.848 20.818945
4.849 20.874791
4.850 20.258895
4.851 20.685343
4.852 20.294442
4.853 20.014632
4.854 21.060818
4.855 20.681012
4.856 19.915139
4.857 19.894537
4.858 19.479075
4.859 19.557698
4.860 19.474327
4.861 21.202440
4.862 21.074027
4.863 19.684101
4.864 21.041002
4.865 20.451666
4.866 20.953185
4.867 19.701505
4.868 19.715842
4.869 19.048927
4.870 20.659480
4.871 20.802861
4.872 20.416578
4.873 19.511478
4.874 20.630802
4.875 20.244731
4.876 20.208774
4.877 20.366143
4.878 19.779861
4.879 19.775106
4.880 20.638752
4.881 20.360743
4.882 21.821779
4.883 19.199979
4.884 20.256308
4.885 20.017800
4.886 20.362835
4.887 20.300983
4.888 21.225549
4.889 20.570857
4.890 20.532042
4.891 20.669451
4.892 19.851399
4.893 20.935801
4.894 20.371853
4.895 20.198085
4.896 18.961017
4.897 19.572133
4.898 19.839214
4.899 20.796073
4.900 19.418110
4.901 19.729752
4.902 19.842743
4.903 21.447418
4.904 20.428263
4.905 20.558942
4.906 20.508180
4.907 20.262344
4.908 19.505938
4.909 20.668739
4.910 20.171541
4.911 19.241887
4.912 19.308664
4.913 20.250764
4.914 20.968435
4.915 20.560978
4.916 20.200210
4.917 20.737481
4.918 20.212424
4.919 19.908259
4.920 19.951351
4.921 20.389480
4.922 19.869282
4.923 20.129042
4.924 19.914017
4.925 19.802074
4.926 20.621813
4.927 20.173696
4.928 19.058818
4.929 19.075064
4.930 19.620029
4.931 19.845540
4.932 20.559337
4.933 20.194217
4.934 19.857621
4.935 19.199101
4.936 19.458833
4.937 20.586946
4.938 19.979326
4.939 19.490222
4.940 20.436151
4.941 20.034649
4.942 19.335652
4.943 20.077644
4.944 19.675272
4.945 19.248026
4.946 18.993686
4.947 19.114163
4.948 20.252575
4.949 20.002916
4.950 19.715117
4.951 18.872426
4.952 20.280384
4.953 20.010176
4.954 19.597862
4.955 19.988079
4.956 20.209274
4.957 19.366719
4.958 19.272445
4.959 19.396906
4.960 20.003255
4.961 18.734450
4.962 20.052312
4.963 19.224564
4.964 19.476825
4.965 20.425120
4.966 20.393218
4.967 19.331781
4.968 20.575380
4.969 19.645538
4.970 19.104330
4.971 19.233062
4.972 19.284664
4.973 18.955847
4.974 18.282405
4.975 19.095589
4.976 19.934353
4.977 18.282787
4.978 19.738719
4.979 19.691639
4.980 19.414687
4.981 18.749557
4.982 19.154071
4.983 19.817494
4.984 18.716208
4.985 19.383566
4.986 18.325915
4.987 19.756916
4.988 18.937885
4.989 19.168664
4.990 19.212806
4.991 19.758336
4.992 20.083146
4.993 18.802308
4.994 19.727405
4.995 18.330498
4.996 19.641845
4.997 19.034671
4.998 19.077436
4.999 19.172158
5.000 19.507360
5.001 19.792882
5.002 19.499625
5.003 19.618722
5.004 18.379411
5.005 19.514688
5.006 19.376650
5.007 19.935349
5.008 18.900599
5.009 18.615675
5.010 19.273828
5.011 19.784358
5.012 19.251929
5.013 19.771007
5.014 19.907668
5.015 20.078259
5.016 20.515708
5.017 19.663785
5.018 19.968948
5.019 20.160635
5.020 19.447412
5.021 19.958525
5.022 19.815308
5.023 20.510964
5.024 20.549744
5.025 19.420764
5.026 19.022252
5.027 19.434842
5.028 19.268107
5.029 19.977416
5.030 19.629291
5.031 19.821555
5.032 18.664644
5.033 21.768661
5.034 20.798222
5.035 19.321625
5.036 18.944399
5.037 19.385846
5.038 17.658491
5.039 18.472637
5.040 18.839797
5.041 19.707630
5.042 19.101027
5.043 18.521480
5.044 18.828111
5.045 19.130449
5.046 19.019890
5.047 18.752616
5.048 19.140849
5.049 19.506405
5.050 18.466066
5.051 19.416361
5.052 19.121496
5.053 19.277248
5.054 19.737997
5.055 18.693258
5.056 19.494253
5.057 20.009094
5.058 19.699809
5.059 18.959443
5.060 19.307584
5.061 19.705365
5.062 19.614132
5.063 19.091251
5.064 19.422041
5.065 17.944311
5.066 20.002227
5.067 19.657291
5.068 19.339649
5.069 19.365364
5.070 19.234293
5.071 18.897866
5.072 18.579839
5.073 18.458407
5.074 18.764984
5.075 18.702932
5.076 17.473218
5.077 19.056923
5.078 19.099021
5.079 18.293718
5.080 18.018708
5.081 19.569440
5.082 18.521524
5.083 18.406837
5.084 18.337117
5.085 18.883030
5.086 17.945812
5.087 18.135148
5.088 17.465824
5.089 17.966292
5.090 18.051174
5.091 17.689956
5.092 19.272143
5.093 18.186205
5.094 17.397033
5.095 18.280373
5.096 17.961968
5.097 17.609513
5.098 16.946876
5.099 17.646732
5.100 16.966835
5.101 18.695435
5.102 18.440202
5.103 18.597146
5.104 17.635669
5.105 17.374596
5.106 17.885132
5.107 18.304072
5.108 18.288729
5.109 18.213931
5.110 17.418084
5.111 18.186668
5.112 17.672309
5.113 17.039882
5.114 17.755306
5.115 17.296287
5.116 17.219803
5.117 17.745526
5.118 17.246152
5.119 16.784618
5.120 17.205924
5.121 17.697442
5.122 17.583640
5.123 18.683774
5.124 16.827479
5.125 18.162402
5.126 17.968096
5.127 18.514638
5.128 18.241032
5.129 18.083923
5.130 17.488880
5.131 17.889608
5.132 18.213855
5.133 17.395169
5.134 17.237056
5.135 17.444786
5.136 17.479954
5.137 18.055928
5.138 16.833860
5.139 17.557954
5.140 16.994890
5.141 17.849428
5.142 17.737236
5.143 18.362501
5.144 17.383333
5.145 17.713840
5.146 17.601089
5.147 17.554415
5.148 17.543757
5.149 17.137894
5.150 17.927139
5.151 16.470689
5.152 17.386220
5.153 17.410128
5.154 17.268212
5.155 17.477728
5.156 17.416047
5.157 18.905574
5.158 17.562605
5.159 17.919311
5.160 17.272238
5.161 17.545139
5.162 18.298692
5.163 17.492482
5.164 17.743408
5.165 17.946966
5.166 17.862321
5.167 17.044087
5.168 17.516218
5.169 17.809519
5.170 18.232976
5.171 17.557928
5.172 17.630691
5.173 16.963680
5.174 17.067837
5.175 17.732730
5.176 17.152559
5.177 16.924837
5.178 17.615741
5.179 17.383182
5.180 17.907300
5.181 17.490386
5.182 16.899029
5.183 17.749312
5.184 17.546967
5.185 17.491554
5.186 16.448312
5.187 17.314706
5.188 16.849030
5.189 17.757858
5.190 16.924708
5.191 17.131253
5.192 17.420380
5.193 17.226226
5.194 18.387384
5.195 18.039499
5.196 16.456047
5.197 16.765140
5.198 17.292293
5.199 18.136679
5.200 16.677847
5.201 16.162281
5.202 16.449190
5.203 17.257140
5.204 16.988940
5.205 16.844557
5.206 17.261764
5.207 16.217314
5.208 17.072785
5.209 16.737412
5.210 16.982231
5.211 17.124701
5.212 16.723237
5.213 16.381118
5.214 16.672183
5.215 15.953944
5.216 15.320507
5.217 17.196845
5.218 15.449515
5.219 16.989254
5.220 15.657231
5.221 17.088492
5.222 16.504238
5.223 16.223988
5.224 17.265950
5.225 16.581863
5.226 16.719944
5.227 16.578614
5.228 16.591529
5.229 16.672238
5.230 16.092054
5.231 15.783561
5.232 16.283593
5.233 16.794788
5.234 16.319819
5.235 16.508526
5.236 16.501489
5.237 16.428594
5.238 16.260465
5.239 16.623130
5.240 16.355400
5.241 15.603330
5.242 16.523047
5.243 15.630044
5.244 16.060931
5.245 16.384942
5.246 15.743234
5.247 17.071014
5.248 16.356991
5.249 16.303678
5.250 16.303234
5.251 16.612015
5.252 16.513389
5.253 16.736235
5.254 15.863808
5.255 16.723215
5.256 15.933194
5.257 16.270305
5.258 15.867339
5.259 16.202352
5.260 16.362597
5.261 16.650761
5.262 16.858990
5.263 15.638756
5.264 15.813323
5.265 16.623726
5.266 15.982081
5.267 16.925011
5.268 16.067745
5.269 16.215203
5.270 16.607899
5.271 15.795184
5.272 15.695693
5.273 15.748654
5.274 16.029547
5.275 15.787049
5.276 16.740100
5.277 15.827338
5.278 15.855163
5.279 15.525358
5.280 15.562684
5.281 15.325296
5.282 15.791966
5.283 15.167126
5.284 15.630118
5.285 15.428663
5.286 16.398294
5.287 15.098744
5.288 16.077738
5.289 15.578333
5.290 16.019878
5.291 14.746363
5.292 15.549022
5.293 15.438626
5.294 14.999786
5.295 15.744325
5.296 15.329051
5.297 16.264166
5.298 15.476403
5.299 15.039541
5.300 15.089507
5.301 15.750805
5.302 16.303033
5.303 15.657891
5.304 15.271414
5.305 16.098071
5.306 14.877641
5.307 15.054471
5.308 14.866782
5.309 15.543649
5.310 15.781277
5.311 15.346644
5.312 15.634079
5.313 14.696703
5.314 15.696145
5.315 15.819460
5.316 15.735680
5.317 15.427958
5.318 14.914777
5.319 15.012485
5.320 15.201345
5.321 15.976134
5.322 14.517277
5.323 15.589205
5.324 14.895799
5.325 14.966656
5.326 14.757028
5.327 14.789995
5.328 15.288319
5.329 15.633508
5.330 14.983423
5.331 14.864630
5.332 14.957105
5.333 15.029342
5.334 15.315158
5.335 14.864685
5.336 14.932561
5.337 14.895107
5.338 15.181138
5.339 14.965326
5.340 15.352485
5.341 14.992901
5.342 15.081731
5.343 15.062947
5.344 15.470792
5.345 15.174574
5.346 14.381066
5.347 14.806009
5.348 14.812444
5.349 15.374657
5.350 14.604675
5.351 14.405257
5.352 14.623664
5.353 14.259700
5.354 14.699695
5.355 15.203725
5.356 15.107952
5.357 14.689757
5.358 15.787297
5.359 15.768262
5.360 14.701278
5.361 14.370557
5.362 15.555704
5.363 14.946452
5.364 15.576526
5.365 15.266399
5.366 15.143715
5.367 15.060245
5.368 14.507053
5.369 15.211171
5.370 14.844425
5.371 13.681052
5.372 15.001596
5.373 14.198195
5.374 15.622991
5.375 15.608604
5.376 15.507058
5.377 14.354472
5.378 14.427147
5.379 14.851428
5.380 15.274519
5.381 15.400209
5.382 15.655479
5.383 14.591145
5.384 14.850613
5.385 14.534732
5.386 15.081174
5.387 14.878158
5.388 14.919815
5.389 14.763034
5.390 15.103497
5.391 14.941661
5.392 15.163337
5.393 14.846083
5.394 14.678870
5.395 14.980425
5.396 14.803779
5.397 15.062754
5.398 15.341360
5.399 14.571983
5.400 16.144470
5.401 14.753540
5.402 14.772441
5.403 14.755174
5.404 14.549341
5.405 15.834854
5.406 14.950167
5.407 15.391298
5.408 15.052676
5.409 15.166825
5.410 14.739130
5.411 15.012502
5.412 14.882742
5.413 14.888914
5.414 15.201071
5.415 14.982130
5.416 15.639678
5.417 14.718226
5.418 14.821345
5.419 14.690887
5.420 15.130389
5.421 14.847593
5.422 14.970585
5.423 14.583635
5.424 15.141760
5.425 15.280244
5.426 15.267265
5.427 15.090943
5.428 14.855565
5.429 14.355433
5.430 16.058075
5.431 15.610586
5.432 15.084266
5.433 15.220856
5.434 15.137599
5.435 14.490441
5.436 14.666938
5.437 14.845096
5.438 15.160298
5.439 15.592295
5.440 15.049664
5.441 15.118497
5.442 15.107915
5.443 15.274540
5.444 15.271326
5.445 15.853462
5.446 15.179630
5.447 15.422079
5.448 15.461415
5.449 14.901481
5.450 15.075017
5.451 14.918664
5.452 15.559869
5.453 14.959897
5.454 15.359461
5.455 15.316319
5.456 15.133591
5.457 15.254045
5.458 14.828766
5.459 15.191911
5.460 15.721930
5.461 14.957738
5.462 14.814622
5.463 15.570339
5.464 14.796687
5.465 14.654206
5.466 14.823679
5.467 15.185351
5.468 15.475378
5.469 15.971251
5.470 15.858082
5.471 16.202217
5.472 15.599208
5.473 15.293449
5.474 15.165872
5.475 14.549011
5.476 15.647480
5.477 14.553284
5.478 15.390793
5.479 15.263388
5.480 15.356440
5.481 16.062791
5.482 14.907900
5.483 14.976203
5.484 15.068371
5.485 14.900599
5.486 16.039980
5.487 15.400482
5.488 15.607596
5.489 14.555802
5.490 14.980311
5.491 15.339258
5.492 15.136984
5.493 15.445439
5.494 15.471148
5.495 15.031456
5.496 14.609197
5.497 14.958451
5.498 14.929842
5.499 14.209547
5.500 15.165335
5.501 14.426291
5.502 13.708141
5.503 15.253857
5.504 15.236621
5.505 15.458893
5.506 14.500886
5.507 14.601019
5.508 14.443075
5.509 14.441040
5.510 14.670856
5.511 14.176478
5.512 14.806374
5.513 14.465807
5.514 14.019778
5.515 14.244927
5.516 14.744943
5.517 13.984121
5.518 14.231855
5.519 14.850577
5.520 14.078981
5.521 14.382948
5.522 14.416744
5.523 14.362644
5.524 14.641526
5.525 14.525730
5.526 14.084226
5.527 14.086580
5.528 14.167001
5.529 13.730641
5.530 14.651977
5.531 14.171553
5.532 14.445822
5.533 14.559744
5.534 14.305272
5.535 13.975977
5.536 13.500431
5.537 14.369947
5.538 14.098531
5.539 13.867952
5.540 14.324578
5.541 13.959311
5.542 14.107523
5.543 14.247682
5.544 13.991671
5.545 14.066436
5.546 14.371796
5.547 13.820040
5.548 14.513766
5.549 14.278766
5.550 14.351163
5.551 14.005105
5.552 13.866167
5.553 14.324535
5.554 14.000271
5.555 13.846015
5.556 13.619787
5.557 13.200292
5.558 13.683647
5.559 13.595882
5.560 13.657855
5.561 13.523101
5.562 14.197750
5.563 14.330835
5.564 13.893087
5.565 14.025424
5.566 13.746603
5.567 13.989373
5.568 14.147211
5.569 13.656530
5.570 14.075590
5.571 13.437337
5.572 13.722045
5.573 13.843860
5.574 14.002624
5.575 13.450204
5.576 14.047152
5.577 13.984573
5.578 13.835500
5.579 14.027397
5.580 13.639717
5.581 13.693012
5.582 14.060476
5.583 14.018792
5.584 14.239038
5.585 13.939496
5.586 13.763579
5.587 13.182650
5.588 13.391118
5.589 13.554570
5.590 13.744385
5.591 13.621314
5.592 14.284386
5.593 14.116503
5.594 13.980955
5.595 14.030456
5.596 13.941258
5.597 13.684030
5.598 13.721279
5.599 13.794988
5.600 13.608851
5.601 13.593890
5.602 13.910196
5.603 13.472857
5.604 13.972692
5.605 13.692277
5.606 13.935137
5.607 13.872109
5.608 13.919537
5.609 13.835724
5.610 13.661081
5.611 13.708046
5.612 13.378879
5.613 13.568151
5.614 14.015058
5.615 14.351166
5.616 14.247202
5.617 13.896454
5.618 13.654106
5.619 13.823857
5.620 14.016399
5.621 13.734412
5.622 13.931805
5.623 13.657109
5.624 13.632286
5.625 13.750621
5.626 13.672507
5.627 13.758135
5.628 13.782474
5.629 14.144957
5.630 13.455975
5.631 13.555065
5.632 13.490967
5.633 13.767685
5.634 13.622709
5.635 13.659271
5.636 13.268912
5.637 13.326811
5.638 13.145120
5.639 13.280447
5.640 13.537028
5.641 13.741713
5.642 13.649188
5.643 13.771448
5.644 13.236519
5.645 13.177239
5.646 14.082301
5.647 13.567209
5.648 13.520558
5.649 13.050305
5.650 13.572229
5.651 13.510219
5.652 14.032491
5.653 13.590342
5.654 13.720689
5.655 13.236273
5.656 13.790011
5.657 13.213031
5.658 13.711956
5.659 13.427466
5.660 13.719823
5.661 13.595831
5.662 13.548187
5.663 13.706357
5.664 13.418471
5.665 13.451491
5.666 13.656869
5.667 13.597706
5.668 13.216982
5.669 13.693622
5.670 13.297663
5.671 13.317792
5.672 13.727175
5.673 13.724263
5.674 13.441706
5.675 13.111173
5.676 13.058874
5.677 13.689226
5.678 13.494055
5.679 13.849000
5.680 13.669704
5.681 13.731296
5.682 13.644786
5.683 13.739990
5.684 13.376090
5.685 13.601869
5.686 13.386988
5.687 13.630391
5.688 13.739720
5.689 13.910461
5.690 13.773330
5.691 13.708552
5.692 13.221863
5.693 13.594661
5.694 13.825786
5.695 13.501627
5.696 13.293484
5.697 13.134889
5.698 13.240959
5.699 13.284511
5.700 12.989714
5.701 13.408687
5.702 13.327367
5.703 12.983054
5.704 12.748105
5.705 12.908700
5.706 12.637833
5.707 12.756112
5.708 12.842682
5.709 12.993775
5.710 12.843182
5.711 12.722253
5.712 13.294666
5.713 12.672653
5.714 12.873158
5.715 12.767092
5.716 12.998122
5.717 12.955114
5.718 12.488424
5.719 12.965677
5.720 13.506556
5.721 13.639302
5.722 13.617444
5.723 12.767411
5.724 13.156950
5.725 12.498400
5.726 11.705096
5.727 12.958380
5.728 12.908867
5.729 11.000159
5.730 12.839370
5.731 13.628231
5.732 12.147472
5.733 12.780395
5.734 13.622886
5.735 9.738142
5.736 10.264040
